0.0365144875657 8.77876105143e-18
0.0144773136807 1.06724717322e-20
0.0147064517793 1.04127177282e-20
0.0365796460477 8.79480532832e-18
0.0141428378838 1.03851044741e-20
0.0365787025745 8.78836539007e-18
0.0264718035951 7.92243881562e-21
0.0263930717489 7.9237556571e-21
0.0367562930411 8.73486092243e-18
0.0399087060527 3.48618572823e-21
0.0413184029351 3.47551825153e-21
0.0413707126282 3.47512275439e-21
0.0399981291069 3.48550851774e-21
0.0349133171611 8.1267832194e-18
0.0365808603621 8.793216551e-18
0.0145620307638 1.03426202609e-20
0.0366897035461 8.77477686604e-18
0.018312919971 9.72037953937e-21
0.0182563705752 9.72152023546e-21
0.0146035667705 1.03482245299e-20
0.0147222617793 1.04127177282e-20
0.0157665563537 1.09062959401e-20
0.0157665563537 1.09062959401e-20
0.0145109149987 1.16895645507e-20
0.0145109149987 1.16895645507e-20
0.0263057917482 7.87392286788e-21
0.0263057917482 7.87392286788e-21
0.0261637700236 7.92759153591e-21
0.0394999188737 3.48928242743e-21
0.107552251231 2.62268857871e-21
0.0144349699078 1.1566767335e-20
0.0142559141029 1.06732948522e-20
0.0145411889939 1.13161455635e-20
0.0145395554574 1.13149754664e-20
0.0141614375704 1.06724717322e-20
0.014216586362 1.03580353953e-20
0.308874427796 5.08016751542e-21
0.0140199717793 1.04127177282e-20
0.0200020125998 1.0260413243e-20
0.0193100811489 1.02755919955e-20
0.0140327784522 1.03874568365e-20
0.014215797966 1.03499956567e-20
0.0142255363443 1.03562821906e-20
0.0179076282705 9.7285564863e-21
0.883482446772 4.94517145603e-23
0.0547486387881 2.90519254846e-21
0.0595381637213 2.8708688036e-21
0.0450137018903 9.70491977968e-21
0.0976604016525 6.88920874687e-21
1.03499031677 4.94517145603e-23
0.186179820024 7.92759153592e-21
0.882992826772 4.94517145603e-23
0.29744549366 1.50038389567e-21
0.0753627894392 8.84380937848e-21
0.0762839679539 2.81645702341e-21
0.107488662941 2.62081217624e-21
0.127001990406 4.68333519606e-21
0.112163048626 8.34718503322e-21
0.0207162394419 1.02209953717e-20
0.0249851922222 7.5285740533e-21
0.0407083584102 4.33071974752e-21
0.0165626328712 1.03317897021e-20
0.014230862222 1.01490163348e-20
0.0676857401055 3.58046379973e-21
0.0143755047385 1.03465932724e-20
0.0144933635253 1.03505731619e-20
0.233589270361 2.05597218708e-21
0.0150655345423 9.90665709425e-21
0.108772603583 6.70206164937e-21
0.0142478265639 1.06705741021e-20
0.0165877022653 1.03312547645e-20
0.0141021677176 1.0018718762e-20
0.0142011081343 1.00747792551e-20
0.0141006821831 1.0122850908e-20
0.0140994488655 1.01112687974e-20
0.0140898482658 9.97531406696e-21
0.0141868425452 9.96609440828e-21
0.0144121438475 9.96853110352e-21
0.0152291323854 1.02603131699e-20
0.0681180893377 8.90634352048e-21
0.0142227593772 1.03536753508e-20
0.0143909588625 9.97513565983e-21
0.0142466512673 9.97209530454e-21
0.0191814525271 9.85015390931e-21
0.0146309637563 9.94140537679e-21
0.0147126886454 9.94074032228e-21
0.0140970825585 9.98313520235e-21
0.0140490724683 9.99264845928e-21
0.0144737791375 1.00050283151e-20
0.139192484406 7.71278899083e-21
0.0143014154172 9.98196190028e-21
0.0142943010018 9.97702142842e-21
0.0141486202153 9.98888919393e-21
0.0183814008285 9.89586382808e-21
0.0262189596925 9.21852328776e-21
0.0142032864248 9.9815214769e-21
0.0144940483015 9.97554735032e-21
0.0140586633618 1.00060099289e-20
0.0140405491202 1.00078805334e-20
0.0141034073084 1.00464870334e-20
0.0140972121191 9.99473771231e-21
0.0142008811768 9.98216265481e-21
