0.0365796460477 8.79480532832e-18
0.0141428378838 1.03851044741e-20
0.0365787025745 8.78836539007e-18
0.0264718035951 7.92243881562e-21
0.0263930717489 7.9237556571e-21
0.0367562930411 8.73486092243e-18
0.0399087060527 3.48618572823e-21
0.0413184029351 3.47551825153e-21
0.0413707126282 3.47512275439e-21
0.0399981291069 3.48550851774e-21
0.0365808603621 8.793216551e-18
0.0145620307638 1.03426202609e-20
0.0366897035461 8.77477686604e-18
0.018312919971 9.72037953937e-21
0.0182563705752 9.72152023546e-21
0.0146035667705 1.03482245299e-20
0.0261637700236 7.92759153591e-21
0.0394999188737 3.48928242743e-21
0.107552251231 2.62268857871e-21
0.0144349699078 1.1566767335e-20
0.0142559141029 1.06732948522e-20
0.0145411889939 1.13161455635e-20
0.0145395554574 1.13149754664e-20
0.0141614375704 1.06724717322e-20
0.014216586362 1.03580353953e-20
0.308874427796 5.08016751542e-21
0.0140199717793 1.04127177282e-20
0.0200020125998 1.0260413243e-20
0.0193100811489 1.02755919955e-20
0.0140327784522 1.03874568365e-20
0.014215797966 1.03499956567e-20
0.0142255363443 1.03562821906e-20
0.0179076282705 9.7285564863e-21
0.0547486387881 2.90519254846e-21
0.0595381637213 2.8708688036e-21
0.0450137018903 9.70491977968e-21
0.0976604016525 6.88920874687e-21
0.882992826772 4.94517145603e-23
0.29744549366 1.50038389567e-21
0.0753627894392 8.84380937848e-21
0.0762839679539 2.81645702341e-21
0.107488662941 2.62081217624e-21
0.127001990406 4.68333519606e-21
0.112163048626 8.34718503322e-21
0.0207162394419 1.02209953717e-20
0.0249851922222 7.5285740533e-21
0.0407083584102 4.33071974752e-21
0.0165626328712 1.03317897021e-20
0.014230862222 1.01490163348e-20
0.0676857401055 3.58046379973e-21
0.0143755047385 1.03465932724e-20
0.0144933635253 1.03505731619e-20
0.233589270361 2.05597218708e-21
0.0150655345423 9.90665709425e-21
0.108772603583 6.70206164937e-21
0.0142478265639 1.06705741021e-20
0.0165877022653 1.03312547645e-20
0.0141021677176 1.0018718762e-20
0.0142011081343 1.00747792551e-20
0.0141006821831 1.0122850908e-20
0.0140994488655 1.01112687974e-20
0.0140898482658 9.97531406696e-21
0.0141868425452 9.96609440828e-21
0.0144121438475 9.96853110352e-21
0.0152291323854 1.02603131699e-20
0.0681180893377 8.90634352048e-21
0.0142227593772 1.03536753508e-20
0.0143909588625 9.97513565983e-21
0.0142466512673 9.97209530454e-21
0.0191814525271 9.85015390931e-21
0.0146309637563 9.94140537679e-21
0.0147126886454 9.94074032228e-21
0.0140970825585 9.98313520235e-21
0.0140490724683 9.99264845928e-21
0.0144737791375 1.00050283151e-20
0.139192484406 7.71278899083e-21
0.0143014154172 9.98196190028e-21
0.0142943010018 9.97702142842e-21
0.0141486202153 9.98888919393e-21
0.0183814008285 9.89586382808e-21
0.0262189596925 9.21852328776e-21
0.0142032864248 9.9815214769e-21
0.0144940483015 9.97554735032e-21
0.0140586633618 1.00060099289e-20
0.0140405491202 1.00078805334e-20
0.0141034073084 1.00464870334e-20
0.0140972121191 9.99473771231e-21
0.0142008811768 9.98216265481e-21
0.5 -7.97423377018e-14
0.5 -7.97423377018e-14
0.353309222423 1.25767452008e-17
0.646690777577 -1.99493199737e-17
1.0 -1.21430643318e-17
0.256614845654 -1.74860126378e-15
0.256702403834 -5.49560397189e-15
0.256614845654 -1.74860126378e-15
0.256702403834 -5.49560397189e-15
0.253627913132 1.9928503292e-14
0.253491217814 1.51822998617e-14
0.253627913132 1.9928503292e-14
0.253491217814 1.51822998617e-14
0.167501183441 -3.5056999621e-17
0.167501183441 -3.5056999621e-17
0.164941808885 -3.34849064709e-17
0.164941808885 -3.34849064709e-17
0.167501183441 -3.5056999621e-17
0.167501183441 -3.5056999621e-17
0.367255145835 1.11022302463e-16
0.351193525435 1.11022302463e-16
0.366684106219 -1.38777878078e-16
0.350663072652 3.88578058619e-16
0.499841731087 7.48099499015e-17
0.499841731087 7.48099499015e-17
0.499882183826 7.04866937387e-17
0.499882183826 7.04866937387e-17
1.0 8.09648393348e-16
0.499786840531 5.00359302602e-17
0.499786840531 5.00359302602e-17
0.499051765636 3.4376437912e-24
0.499051765636 3.4376437912e-24
0.499024489251 3.53631966608e-24
0.499024489251 3.53631966608e-24
0.499740211494 -1.76182853029e-19
0.499740211494 -1.76182853029e-19
0.341105302552 1.66533453694e-16
0.328967789159 7.21644966006e-16
0.341105302552 1.66533453694e-16
0.328967789159 7.21644966006e-16
0.499824350609 -3.70932668262e-17
0.499824350609 -3.70932668262e-17
0.499793590475 -4.30970363563e-18
0.499793590475 -4.30970363563e-18
0.499822390306 2.97613496347e-17
0.499822390306 2.97613496347e-17
0.499808217219 -2.27275880407e-17
0.499808217219 -2.27275880407e-17
1.0 2.86229373536e-17
1.0 -1.88057309228e-16
1.0 -1.88057309228e-16
1.0 -6.49445939961e-15
1.0 -6.49445939961e-15
1.0 8.86738085649e-16
1.0 8.86738085649e-16
0.00737452110453 -2.16840434497e-19
0.00737452110453 -2.16840434497e-19
0.276174311136 4.33680868994e-18
0.276174311136 4.33680868994e-18
1.0 -2.77555756156e-17
0.374312917141 -1.73472347598e-18
0.374312917141 -1.73472347598e-18
0.0230703601738 -2.16840434497e-19
0.0230703601738 -2.16840434497e-19
0.0021435090229 4.74338450462e-20
0.0021435090229 4.74338450462e-20
0.0031942899891 3.38813178902e-21
0.0031942899891 3.38813178902e-21
0.00371798253392 -1.08420217249e-19
0.00371798253392 -1.08420217249e-19
0.36910630499 0.0
0.36910630499 0.0
0.00537357174691 -5.42101086243e-20
0.00537357174691 -5.42101086243e-20
0.0111271295112 -5.42101086243e-20
0.0111271295112 -5.42101086243e-20
0.148578054861 -2.16840434497e-19
0.148578054861 -2.16840434497e-19
0.00312834768347 -4.06575814682e-20
0.00312834768347 -4.06575814682e-20
0.0928847457839 1.73472347598e-18
0.0928847457839 1.73472347598e-18
0.384911026956 6.93889390391e-18
0.384911026956 6.93889390391e-18
0.330877241063 0.0
0.330877241063 0.0
0.272913390396 -2.16840434497e-19
0.272913390396 -2.16840434497e-19
0.00108483777875 -3.04931861012e-20
0.00108483777875 -3.04931861012e-20
0.092168227619 2.16840434497e-19
0.092168227619 2.16840434497e-19
0.0168097711531 2.71050543121e-20
0.0168097711531 2.71050543121e-20
0.114265861232 8.13151629364e-20
0.114265861232 8.13151629364e-20
0.0099523556387 1.08420217249e-19
0.0099523556387 1.08420217249e-19
0.494866136703 -6.37510877421e-17
0.494866136703 -6.37510877421e-17
0.13928033496 3.46944695195e-18
0.13928033496 3.46944695195e-18
0.0334139767264 7.5894152074e-19
0.0334139767264 7.5894152074e-19
0.154162099153 -2.08166817117e-17
0.154459887013 -3.98986399475e-17
0.154162099153 -2.08166817117e-17
0.154459887013 -3.98986399475e-17
0.413361017363 -6.76542155631e-17
0.413172470805 5.20417042793e-17
0.413205176789 1.37043154602e-16
0.413019529876 -6.93889390391e-18
0.0148070573728 2.05998412772e-18
0.0148070573728 2.05998412772e-18
0.0149192719422 -9.21571846613e-19
0.0149192719422 -9.21571846613e-19
0.135530214525 -4.33680868994e-18
0.135530214525 -4.33680868994e-18
0.0174794756657 -9.75781955237e-19
0.0174794756657 -9.75781955237e-19
0.0504010235661 2.81892564846e-18
0.0504010235661 2.81892564846e-18
0.0366831703429 -2.38524477947e-18
0.0366831703429 -2.38524477947e-18
0.0370082889979 -5.63785129692e-18
0.0370082889979 -5.63785129692e-18
0.0357301302882 -5.20417042793e-18
0.0357301302882 -5.20417042793e-18
0.0386573299405 3.25260651746e-18
0.0386573299405 3.25260651746e-18
2.18562707647e-05 -7.41153828848e-22
2.18562707647e-05 -7.41153828848e-22
0.268005681622 2.60208521397e-17
0.268005681622 2.60208521397e-17
0.0146460929962 5.96311194867e-19
0.0146460929962 5.96311194867e-19
0.000336560331678 -2.03287907341e-20
0.000336560331678 -2.03287907341e-20
0.0259923682429 -2.84603070277e-19
0.0259923682429 -2.84603070277e-19
0.190900364694 -1.64798730218e-17
0.190900364694 -1.64798730218e-17
0.0306636889711 -4.77048955894e-18
0.0306636889711 -4.77048955894e-18
0.0767746394621 -2.16840434497e-18
0.0767746394621 -2.16840434497e-18
0.000117125520572 6.35274710441e-22
0.000117125520572 6.35274710441e-22
0.00059266182163 -6.77626357803e-21
0.00059266182163 -6.77626357803e-21
0.191596816464 -2.94902990916e-17
0.191596816464 -2.94902990916e-17
0.0308800260953 7.3725747729e-18
0.0308800260953 7.3725747729e-18
0.0772752554446 1.08420217249e-18
0.0772752554446 1.08420217249e-18
0.000118070643927 -4.02340649946e-21
0.000118070643927 -4.02340649946e-21
0.000596760607403 -2.37169225231e-20
0.000596760607403 -2.37169225231e-20
0.187749493158 1.73472347598e-17
0.187749493158 1.73472347598e-17
0.0248390778825 -1.08420217249e-19
0.0248390778825 -1.08420217249e-19
0.350174141343 -1.73472347598e-17
0.350174141343 -1.73472347598e-17
0.00107859918844 -3.38813178902e-21
0.00107859918844 -3.38813178902e-21
0.127564128419 1.21039998903e-25
0.127564128419 1.21039998903e-25
0.125595410981 1.87770263747e-17
0.125595410981 1.87770263747e-17
0.119291946682 1.13190886967e-25
0.119291946682 1.13190886967e-25
0.127504689895 1.17364885172e-17
0.127504689895 1.17364885172e-17
0.00365947000394 -1.35525271561e-20
0.00365947000394 -1.35525271561e-20
0.0118388688373 -2.71050543121e-20
0.0118388688373 -2.71050543121e-20
0.266662440203 -6.24500451352e-17
0.266662440203 -6.24500451352e-17
0.491204464667 -2.71050543121e-19
0.491204464667 -2.71050543121e-19
1.72694289029e-05 -8.73502726856e-22
1.72694289029e-05 -8.73502726856e-22
0.000492578480395 -1.32348898008e-21
0.000492578480395 -1.32348898008e-21
0.00113461211142 -1.18584612616e-20
0.00113461211142 -1.18584612616e-20
0.00651802611522 1.25360876194e-19
0.00651802611522 1.25360876194e-19
0.497725732005 3.60475538308e-15
0.497725732005 3.60475538308e-15
0.0238841049411 3.7947076037e-19
0.0238841049411 3.7947076037e-19
9.69552545088e-05 -8.47032947254e-22
9.69552545088e-05 -8.47032947254e-22
0.313830830863 -2.73218947466e-17
0.313830830863 -2.73218947466e-17
0.0556841061779 1.00288700955e-18
0.0556841061779 1.00288700955e-18
0.0562359767506 -1.62630325873e-19
0.0562359767506 -1.62630325873e-19
0.480899051738 -4.4408920985e-16
0.480899051738 -4.4408920985e-16
0.0511707799078 -4.68375338514e-17
0.0511707799078 -4.68375338514e-17
0.0512770481989 -2.36356073602e-17
0.0512770481989 -2.36356073602e-17
0.00297883684567 2.96461531539e-20
0.00297883684567 2.96461531539e-20
0.0550871593259 4.59430670591e-18
0.0550871593259 4.59430670591e-18
0.0549675505697 3.08997619158e-18
0.0549675505697 3.08997619158e-18
0.00521132431378 -1.08420217249e-19
0.00521132431378 -1.08420217249e-19
0.00158040544525 5.42101086243e-20
0.00158040544525 5.42101086243e-20
0.415032171278 -4.22838847269e-18
0.415032171278 -4.22838847269e-18
0.00766360445717 4.40457132572e-20
0.00766360445717 4.40457132572e-20
0.00765872669212 -2.11758236814e-21
0.00765872669212 -2.11758236814e-21
0.00792171507572 3.7947076037e-19
0.00792171507572 3.7947076037e-19
0.00785116462776 -3.25260651746e-19
0.00785116462776 -3.25260651746e-19
0.418921740727 2.71050543121e-19
0.418921740727 2.71050543121e-19
0.00777179323997 9.14795583035e-20
0.00777179323997 9.14795583035e-20
0.00776830536705 1.38701645113e-20
0.00776830536705 1.38701645113e-20
0.00520881333132 1.62630325873e-19
0.00520881333132 1.62630325873e-19
0.00516315257134 2.43945488809e-19
0.00516315257134 2.43945488809e-19
0.334757205456 -3.05311331772e-16
0.334757205456 -3.05311331772e-16
0.335190659712 -6.93889390391e-17
0.335190659712 -6.93889390391e-17
0.258253717325 0.0
0.258253717325 0.0
0.0120574944239 -8.13151629364e-20
0.0120574944239 -8.13151629364e-20
0.406815534756 2.20228566286e-19
0.406815534756 2.20228566286e-19
0.00111167364326 -3.38813178902e-21
0.00111167364326 -3.38813178902e-21
0.406755535785 -1.01643953671e-19
0.406755535785 -1.01643953671e-19
0.229174334009 -1.34441069388e-17
0.229174334009 -1.34441069388e-17
0.0839899587916 5.42101086243e-19
0.0839899587916 5.42101086243e-19
0.337333665731 -1.68051336735e-18
0.337333665731 -1.68051336735e-18
0.0220133507995 -6.98802181485e-21
0.0220133507995 -6.98802181485e-21
0.193679802312 5.42101086243e-20
0.193679802312 5.42101086243e-20
0.435756269172 5.42101086243e-20
0.435756269172 5.42101086243e-20
0.00790414378288 2.54109884176e-21
0.00790414378288 2.54109884176e-21
0.155554211506 1.56396163381e-17
0.155554211506 1.56396163381e-17
0.155554211506 1.56396163381e-17
0.155554211506 1.56396163381e-17
0.188810555205 -3.66663622207e-17
0.188810555205 -3.66663622207e-17
0.00809069830546 4.06575814682e-20
0.00809069830546 4.06575814682e-20
0.011170880074 -5.6751207466e-20
0.011170880074 -5.6751207466e-20
0.00788084692009 4.82808779935e-20
0.00788084692009 4.82808779935e-20
0.000665899331659 9.3173624198e-21
0.000665899331659 9.3173624198e-21
0.0522377030591 5.42101086243e-19
0.0522377030591 5.42101086243e-19
0.148149557118 -1.54498809579e-18
0.148149557118 -1.54498809579e-18
0.0227085369999 2.54109884176e-21
0.0227085369999 2.54109884176e-21
0.112818662247 1.62630325873e-19
0.112818662247 1.62630325873e-19
0.00170543081702 -2.11758236814e-22
0.00170543081702 -2.11758236814e-22
0.00790341868393 4.33680868994e-19
0.00790341868393 4.33680868994e-19
0.2436864221 5.51316804709e-17
0.2436864221 5.51316804709e-17
0.256177703538 1.11062960044e-17
0.256177703538 1.11062960044e-17
0.0133458294323 0.0
0.0133458294323 0.0
0.00838059829994 -2.71050543121e-20
0.00838059829994 -2.71050543121e-20
0.00787751344988 -2.03287907341e-19
0.00787751344988 -2.03287907341e-19
0.00109833575931 -5.08219768353e-21
0.00109833575931 -5.08219768353e-21
0.0711080222909 5.42101086243e-20
0.0711080222909 5.42101086243e-20
0.00681680565118 -1.01643953671e-19
0.00681680565118 -1.01643953671e-19
0.00490260754952 5.42101086243e-20
0.00490260754952 5.42101086243e-20
0.368598756235 -9.54097911787e-18
0.368598756235 -9.54097911787e-18
0.0484125544835 4.60785923306e-19
0.0484125544835 4.60785923306e-19
0.0443985871152 1.08420217249e-19
0.0443985871152 1.08420217249e-19
1.0 5.41233724505e-16
0.492361577946 -3.08780778724e-16
0.492361577946 -3.08780778724e-16
0.05060119351 0.0
0.05060119351 0.0
0.37546685197 -1.62630325873e-19
0.37546685197 -1.62630325873e-19
0.088997099161 -4.33680868994e-19
0.088997099161 -4.33680868994e-19
0.00373256259869 -2.71050543121e-20
0.00373256259869 -2.71050543121e-20
0.111881469415 7.5894152074e-19
0.111881469415 7.5894152074e-19
0.00902902343717 1.35525271561e-20
0.00902902343717 1.35525271561e-20
0.0174647037578 -3.7947076037e-19
0.0174647037578 -3.7947076037e-19
0.0162781962259 2.16840434497e-19
0.0162781962259 2.16840434497e-19
0.0248587323279 0.0
0.0248587323279 0.0
0.165320200591 3.25260651746e-19
0.165320200591 3.25260651746e-19
0.458800408262 -2.60208521397e-18
0.458800408262 -2.60208521397e-18
0.0181035273096 -2.30392961653e-19
0.0181035273096 -2.30392961653e-19
1.0 8.32667268469e-17
0.051104209107 0.0
0.051104209107 0.0
0.0048468183851 -1.69406589451e-21
0.0048468183851 -1.69406589451e-21
0.226426612352 4.33680868994e-19
0.226426612352 4.33680868994e-19
0.0090286581457 1.35525271561e-20
0.0090286581457 1.35525271561e-20
0.129131032762 -6.50521303491e-19
0.129131032762 -6.50521303491e-19
0.00867715075357 8.13151629364e-20
0.00867715075357 8.13151629364e-20
0.0140518918328 1.89735380185e-19
0.0140518918328 1.89735380185e-19
0.00963844736972 -5.42101086243e-20
0.00963844736972 -5.42101086243e-20
0.0269616877861 3.38813178902e-21
0.0269616877861 3.38813178902e-21
0.138924868625 -4.33680868994e-19
0.138924868625 -4.33680868994e-19
0.0329709274365 0.0
0.0329709274365 0.0
0.287257791555 4.33680868994e-19
0.287257791555 4.33680868994e-19
0.00271523463548 -5.42101086243e-20
0.00271523463548 -5.42101086243e-20
0.00169289609132 -4.23516473627e-21
0.00169289609132 -4.23516473627e-21
0.279974067904 1.73472347598e-18
0.279974067904 1.73472347598e-18
0.0292378685157 -1.08420217249e-19
0.0292378685157 -1.08420217249e-19
0.177463359804 -8.67361737988e-19
0.177463359804 -8.67361737988e-19
0.0386584594266 -2.16840434497e-19
0.0386584594266 -2.16840434497e-19
0.477983941341 3.95733792957e-17
0.477983941341 3.95733792957e-17
0.00194695252484 3.69306365003e-19
0.00194695252484 3.69306365003e-19
0.0615684666125 -9.48676900925e-19
0.0615684666125 -9.48676900925e-19
0.470907549597 -1.92987986702e-17
0.470907549597 -1.92987986702e-17
0.00673978972337 -1.69406589451e-21
0.00673978972337 -1.69406589451e-21
0.312399241926 -8.45677694539e-17
0.312399241926 -8.45677694539e-17
0.00553313440172 4.06575814682e-19
0.00553313440172 4.06575814682e-19
0.0566493343657 -1.23599047663e-17
0.0566493343657 -1.23599047663e-17
0.000878151110675 1.50433051432e-18
0.000878151110675 1.50433051432e-18
0.266680724412 -1.70870262384e-16
0.266680724412 -1.70870262384e-16
0.115839720063 4.98732999343e-18
0.115839720063 4.98732999343e-18
0.000186447037342 6.09863722023e-20
0.000186447037342 6.09863722023e-20
0.478873350797 -8.46545056277e-16
0.478873350797 -8.46545056277e-16
0.000452185652531 6.74238226014e-19
0.000452185652531 6.74238226014e-19
7.9668917073e-06 5.24101636114e-21
7.9668917073e-06 5.24101636114e-21
1.19029449587e-05 1.27054942088e-21
1.19029449587e-05 1.27054942088e-21
0.360815952803 -5.55111512313e-17
0.360815952803 -5.55111512313e-17
0.433107233329 1.41379963292e-16
0.433107233329 1.41379963292e-16
0.0113016614206 6.50521303491e-19
0.0113016614206 6.50521303491e-19
6.9225717258e-05 -8.47032947254e-22
6.9225717258e-05 -8.47032947254e-22
0.00013148784792 1.35525271561e-20
0.00013148784792 1.35525271561e-20
0.0137505744137 -5.42101086243e-19
0.0137505744137 -5.42101086243e-19
0.499920461805 -9.42280108107e-16
0.499920461805 -9.42280108107e-16
0.00273888806937 9.48676900925e-20
0.00273888806937 9.48676900925e-20
0.235415739326 -3.33934269126e-17
0.235415739326 -3.33934269126e-17
0.172340578999 -3.95733792957e-17
0.172340578999 -3.95733792957e-17
0.375182460939 -4.30211422042e-16
0.375182460939 -4.30211422042e-16
0.223470188562 1.73472347598e-18
0.223470188562 1.73472347598e-18
0.000115855370464 -1.69406589451e-20
0.000115855370464 -1.69406589451e-20
1.42905962667e-05 4.15046144155e-20
1.42905962667e-05 4.15046144155e-20
0.135160524195 5.20417042793e-18
0.135160524195 5.20417042793e-18
0.00283169766611 6.77626357803e-21
0.00283169766611 6.77626357803e-21
0.220453348748 0.0
0.220453348748 0.0
0.00700979581958 -1.89735380185e-19
0.00700979581958 -1.89735380185e-19
0.258091036955 2.60208521397e-18
0.258091036955 2.60208521397e-18
0.161955488919 8.13151629364e-20
0.161955488919 8.13151629364e-20
0.135000847566 8.02309607639e-18
0.135000847566 8.02309607639e-18
0.00346102117956 3.99799551104e-19
0.00346102117956 3.99799551104e-19
0.000287970423663 -1.0503208546e-19
0.000287970423663 -1.0503208546e-19
0.00174345487515 1.69406589451e-18
0.00174345487515 1.69406589451e-18
0.00429986230945 4.33680868994e-19
0.00429986230945 4.33680868994e-19
0.0102827216344 -1.21972744405e-19
0.0102827216344 -1.21972744405e-19
0.0146574573018 2.47333620598e-19
0.0146574573018 2.47333620598e-19
0.0126860818595 -1.21972744405e-19
0.0126860818595 -1.21972744405e-19
0.488122565825 7.11228140791e-24
0.488122565825 7.11228140791e-24
0.00870828273694 -1.28749007983e-19
0.00870828273694 -1.28749007983e-19
0.0150832141687 1.30104260698e-18
0.0150832141687 1.30104260698e-18
8.45049974148e-05 -2.11758236814e-21
8.45049974148e-05 -2.11758236814e-21
0.000445014357594 6.77626357803e-21
0.000445014357594 6.77626357803e-21
0.000784303528135 6.77626357803e-21
0.000784303528135 6.77626357803e-21
0.00240929475714 6.09863722023e-20
0.00240929475714 6.09863722023e-20
0.422168068069 -7.8062556419e-18
0.422168068069 -7.8062556419e-18
0.0940423076402 -1.95156391047e-18
0.0940423076402 -1.95156391047e-18
0.000633990882118 6.09863722023e-20
0.000633990882118 6.09863722023e-20
0.0412494357854 -8.67361737988e-19
0.0412494357854 -8.67361737988e-19
0.133234973301 1.73472347598e-18
0.133234973301 1.73472347598e-18
0.0103117066986 -3.25260651746e-19
0.0103117066986 -3.25260651746e-19
0.0145097740253 0.0
0.0145097740253 0.0
0.149709720244 -3.63207727783e-18
0.149709720244 -3.63207727783e-18
0.0349351155779 8.40256683676e-19
0.0349351155779 8.40256683676e-19
0.0384315534424 -4.06575814682e-20
0.0384315534424 -4.06575814682e-20
0.167860373721 1.30104260698e-18
0.167860373721 1.30104260698e-18
3.00839073074e-05 2.96461531539e-21
3.00839073074e-05 2.96461531539e-21
0.00219924761059 8.13151629364e-19
0.00219924761059 8.13151629364e-19
0.0709164334155 -4.55364912444e-18
0.0709164334155 -4.55364912444e-18
0.0928727645598 -1.35525271561e-20
0.0928727645598 -1.35525271561e-20
0.00267398196478 2.03287907341e-20
0.00267398196478 2.03287907341e-20
0.00617819093597 -1.01643953671e-19
0.00617819093597 -1.01643953671e-19
0.00394788312619 -1.08420217249e-19
0.00394788312619 -1.08420217249e-19
9.54970933521e-05 1.10114283143e-20
9.54970933521e-05 1.10114283143e-20
1.31549264529e-05 5.08219768353e-21
1.31549264529e-05 5.08219768353e-21
0.00202202108642 1.49077798717e-19
0.00202202108642 1.49077798717e-19
0.00567129245571 6.50521303491e-19
0.00567129245571 6.50521303491e-19
0.332038160098 -5.63785129692e-18
0.332038160098 -5.63785129692e-18
0.00428336912386 -9.82558218815e-20
0.00428336912386 -9.82558218815e-20
0.465468731037 1.56125112838e-17
0.465468731037 1.56125112838e-17
7.20841731715e-05 -2.54109884176e-20
7.20841731715e-05 -2.54109884176e-20
3.99425718668e-05 1.37642853929e-20
3.99425718668e-05 1.37642853929e-20
0.3872262553 -1.33920652345e-15
0.3872262553 -1.33920652345e-15
6.80176917957e-05 -3.00696696275e-20
6.80176917957e-05 -3.00696696275e-20
1.8126890926e-05 9.74087889342e-20
1.8126890926e-05 9.74087889342e-20
0.33194816369 -9.02056207508e-17
0.33194816369 -9.02056207508e-17
0.00407843605203 1.13502414932e-19
0.00407843605203 1.13502414932e-19
0.00132359533066 2.95445092002e-18
0.00132359533066 2.95445092002e-18
0.372237503389 1.12410081243e-15
0.372237503389 1.12410081243e-15
0.188758052249 1.08420217249e-19
0.188758052249 1.08420217249e-19
0.0745411506078 -2.49366499672e-18
0.0745411506078 -2.49366499672e-18
0.000646348241943 -1.98205709658e-19
0.000646348241943 -1.98205709658e-19
0.0183600725037 4.74338450462e-20
0.0183600725037 4.74338450462e-20
0.000380626736303 -1.15196480827e-18
0.000380626736303 -1.15196480827e-18
0.000817953635563 -1.42301535139e-19
0.000817953635563 -1.42301535139e-19
0.00761963406274 1.61004022614e-17
0.00761963406274 1.61004022614e-17
0.0214403270298 4.67291136341e-17
0.0214403270298 4.67291136341e-17
0.0230044019351 5.31259064518e-18
0.0230044019351 5.31259064518e-18
0.17756081467 8.67361737988e-18
0.17756081467 8.67361737988e-18
0.408403599534 1.31665511827e-15
0.408403599534 1.31665511827e-15
0.00994748134582 -1.15196480827e-19
0.00994748134582 -1.15196480827e-19
0.498914451572 1.15185638805e-15
0.498914451572 1.15185638805e-15
0.436559443343 -3.7947076037e-18
0.436559443343 -3.7947076037e-18
0.000560805674961 -1.06048524996e-18
0.000560805674961 -1.06048524996e-18
0.0258114014007 -1.36609473733e-17
0.0258114014007 -1.36609473733e-17
2.07082589634e-05 7.62329652529e-21
2.07082589634e-05 7.62329652529e-21
4.17572204768e-06 -7.30565917007e-21
4.17572204768e-06 -7.30565917007e-21
0.000123890739134 1.76182853029e-19
0.000123890739134 1.76182853029e-19
0.0405208259821 -9.75781955237e-19
0.0405208259821 -9.75781955237e-19
0.223888022637 4.02455846427e-16
0.223888022637 4.02455846427e-16
5.32646036005e-06 -4.28810429547e-21
5.32646036005e-06 -4.28810429547e-21
0.386601097739 1.01915004214e-15
0.386601097739 1.01915004214e-15
0.00530760237915 -3.84891771232e-18
0.00530760237915 -3.84891771232e-18
1.94455175211e-05 1.52465930506e-20
1.94455175211e-05 1.52465930506e-20
0.0694379746577 -1.86482773668e-17
0.0694379746577 -1.86482773668e-17
0.472958859059 1.36609473733e-17
0.472958859059 1.36609473733e-17
6.63629617802e-05 -2.54109884176e-21
6.63629617802e-05 -2.54109884176e-21
0.0250280511834 3.75405002223e-18
0.0250280511834 3.75405002223e-18
0.498609525813 -1.66967134563e-15
0.498609525813 -1.66967134563e-15
0.0892506257546 2.63677968348e-16
0.0892506257546 2.63677968348e-16
0.000135894436214 2.49027686493e-19
0.000135894436214 2.49027686493e-19
0.475792447454 -2.06085148946e-15
0.475792447454 -2.06085148946e-15
0.00136239769944 1.16551733542e-18
0.00136239769944 1.16551733542e-18
0.446893729698 -7.329206686e-16
0.446893729698 -7.329206686e-16
0.000502836023801 8.02987233997e-19
0.000502836023801 8.02987233997e-19
0.000130187798425 -2.5919208186e-19
0.000130187798425 -2.5919208186e-19
0.0112008709848 7.5894152074e-18
0.0112008709848 7.5894152074e-18
0.000186138781883 2.57498015965e-19
0.000186138781883 2.57498015965e-19
1.21201413498e-05 -9.47618109741e-21
1.21201413498e-05 -9.47618109741e-21
0.450844155514 3.50761086843e-15
0.450844155514 3.50761086843e-15
0.00484937185593 -7.5894152074e-19
0.00484937185593 -7.5894152074e-19
0.00240137316363 -1.5720931501e-18
0.00240137316363 -1.5720931501e-18
0.14874074531 -2.51534904017e-17
0.14874074531 -2.51534904017e-17
0.0048199312654 -1.38235776992e-18
0.0048199312654 -1.38235776992e-18
4.09447269793e-05 1.39760436297e-20
4.09447269793e-05 1.39760436297e-20
4.87625988284e-05 -5.50571415715e-20
4.87625988284e-05 -5.50571415715e-20
0.0216801912234 -6.46184494801e-17
0.0216801912234 -6.46184494801e-17
6.17289781786e-05 -1.17737579668e-19
6.17289781786e-05 -1.17737579668e-19
8.10647920957e-06 -7.67623608449e-22
8.10647920957e-06 -7.67623608449e-22
0.000505314420679 -6.26804380968e-20
0.000505314420679 -6.26804380968e-20
0.000327170750741 3.38813178902e-21
0.000327170750741 3.38813178902e-21
1.40721323687e-05 0.0
1.40721323687e-05 0.0
4.99745179021e-05 1.56701095242e-20
4.99745179021e-05 1.56701095242e-20
0.349542199554 -7.1123662515e-16
0.349542199554 -7.1123662515e-16
0.0906236316515 2.27682456222e-17
0.0906236316515 2.27682456222e-17
0.00149055631258 -5.50571415715e-20
0.00149055631258 -5.50571415715e-20
0.392222293039 -4.33680868994e-16
0.392222293039 -4.33680868994e-16
0.215800608372 -2.38524477947e-16
0.215800608372 -2.38524477947e-16
0.00115528647241 -1.06387338175e-18
0.00115528647241 -1.06387338175e-18
4.43910651274e-05 6.69156028331e-20
4.43910651274e-05 6.69156028331e-20
0.000189448502811 -3.38813178902e-20
0.000189448502811 -3.38813178902e-20
