0.132619740003 -7.02307401812e-16
0.132619740003 -5.31177513373e-19
0.132619740003 -6.12256452324e-19
6.31732805716e-19 -6.31445867432e-21
4.73799604287e-19 -1.37363469988e-21
4.73799604287e-19 -1.61789153543e-20
3.15866402858e-19 -1.03599683015e-20
3.15866402858e-19 6.85977808441e-20
3.15866402858e-19 6.85977808441e-20
4.93541254466e-21 -9.73871482948e-27
4.93541254466e-21 -9.73871482948e-27
4.93541254466e-21 -3.23152731149e-26
-4.93541254466e-21 -2.51481808064e-22
-2.46770627233e-21 5.6582567222e-23
-2.40083143235e-17 -1.73099358192e-23
-4.93541254466e-21 -2.97012393497e-22
-4.93541254466e-21 -2.97012393497e-22
-4.93541254466e-21 -2.97012393497e-22
-4.93541254466e-21 -1.69584671313e-22
-4.93541254466e-21 -1.69584671313e-22
-4.93541254466e-21 -1.69584671313e-22
-1.23385313616e-21 3.07408327471e-22
-1.23385313616e-21 3.07408327471e-22
-1.23385313616e-21 3.07408327471e-22
-1.23385313616e-21 3.07408327471e-22
-1.23385313616e-21 3.07408327471e-22
-1.23385313616e-21 3.07408327471e-22
1.92789552526e-23 5.34889635858e-25
1.92789552526e-23 5.34889635858e-25
1.92789552526e-23 5.34889635858e-25
1.92789552526e-23 5.34889635858e-25
1.92789552526e-23 5.34889635858e-25
1.92789552526e-23 5.34889635858e-25
3.85579105051e-23 9.73745860143e-25
3.85579105051e-23 9.73745860143e-25
3.85579105051e-23 9.73745860143e-25
-6.16926568082e-22 -4.3249462278e-23
-6.16926568082e-22 -4.3249462278e-23
-6.16926568082e-22 -4.3249462278e-23
-7.40952905234e-41 1.39649958225e-23
-7.40952905234e-41 1.39649958225e-23
-7.40952905234e-41 1.39649958225e-23
0.132619461621 7.03650589146e-19
0.132619461621 7.03650589146e-19
0.132619461621 7.03650589146e-19
0.0 0.0
0.0 0.0
0.0 0.0
0.0 0.0
0.0 0.0
0.0 0.0
0.0 0.0
0.0 0.0
0.0 0.0
0.0 0.0
0.0 0.0
0.0 0.0
0.0 0.0
0.0 0.0
0.0 0.0
0.0 0.0
0.0 0.0
0.0 0.0
1.25115159924e-05 -0.0580621709952
1.25115159924e-05 -0.0580621709952
-1.25115159924e-05 -0.0583247906774
-1.25115159924e-05 -0.0583247906774
1.25115159924e-05 -0.0580621709952
1.25115159924e-05 -0.0580621709952
-1.25115159924e-05 -0.0583247906774
-1.25115159924e-05 -0.0583247906774
7.89666007145e-20 1.01077248915e-17
7.89666007145e-20 1.01077248915e-17
-7.89666007145e-20 -1.01077248915e-17
-7.89666007145e-20 -1.01077248915e-17
2.36899802144e-19 2.02154497829e-17
2.36899802144e-19 2.02154497829e-17
-2.36899802144e-19 -2.02154497829e-17
-2.36899802144e-19 -2.02154497829e-17
7.89666007145e-20 1.01077248915e-17
7.89666007145e-20 1.01077248915e-17
-7.89666007145e-20 -1.01077248915e-17
-7.89666007145e-20 -1.01077248915e-17
0.0 0.0
0.0 0.0
4.18979947862e-37 -7.89666007145e-20
4.18979947862e-37 -7.89666007145e-20
0.0 0.0
0.0 0.0
0.0 0.0
0.0 0.0
-9.87082508932e-21 -1.57933201429e-19
-9.87082508932e-21 -1.57933201429e-19
9.87082508932e-21 7.89666007145e-20
9.87082508932e-21 7.89666007145e-20
-1.97416501786e-20 -1.04744986965e-37
-1.97416501786e-20 -1.04744986965e-37
1.97416501786e-20 1.04744986965e-37
1.97416501786e-20 1.04744986965e-37
-1.97416501786e-20 -1.04744986965e-37
-1.97416501786e-20 -1.04744986965e-37
1.97416501786e-20 1.57933201429e-19
1.97416501786e-20 1.57933201429e-19
-1.97416501786e-20 -1.04744986965e-37
-1.97416501786e-20 -1.04744986965e-37
1.97416501786e-20 1.57933201429e-19
1.97416501786e-20 1.57933201429e-19
1.54231642021e-22 1.23385313616e-21
1.54231642021e-22 1.23385313616e-21
-1.54231642021e-22 -1.23385313616e-21
-1.54231642021e-22 -1.23385313616e-21
1.54231642021e-22 1.23385313616e-21
1.54231642021e-22 1.23385313616e-21
-1.54231642021e-22 -1.23385313616e-21
-1.54231642021e-22 -1.23385313616e-21
0.0 0.0
0.0 0.0
0.0 0.0
0.0 0.0
0.0 0.0
0.0 0.0
0.0 0.0
0.0 0.0
-1.54231642021e-22 -8.18320210668e-40
-1.54231642021e-22 -8.18320210668e-40
1.54231642021e-22 8.18320210668e-40
1.54231642021e-22 8.18320210668e-40
4.05664158809e-16 -8.81736618522e-19
-2.64929698278e-15 5.77003604529e-18
4.03324223639e-16 -8.69608885518e-19
0.166686406585 4.54190308471e-16
0.166686406585 4.49697478134e-16
0.166686406585 4.54434254132e-16
4.1373154902e-16 -1.89735380185e-18
4.12864187282e-16 -2.0057740191e-18
4.12864187282e-16 -2.0057740191e-18
1.67318630407e-16 2.30832846035e-18
1.67318630407e-16 2.30832846035e-18
1.67672666449e-16 2.39683714557e-18
4.1373154902e-16 -1.68051336735e-18
4.14598910758e-16 -2.11419423635e-18
4.14598910758e-16 -1.95156391047e-18
1.46775922116e-16 7.17585126595e-17
1.36154840851e-16 7.17585126596e-17
1.36154840852e-16 7.17585126595e-17
1.33974201691e-16 7.43775733793e-17
1.33974201691e-16 7.43775733793e-17
1.33974201691e-16 7.43775733794e-17
1.35086793339e-16 7.31332726156e-17
1.35086793339e-16 7.31332726156e-17
1.35086793339e-16 7.31332726156e-17
1.35073691354e-16 7.31307699831e-17
1.35073691354e-16 7.31307699831e-17
1.35073691354e-16 7.31307699831e-17
7.88011686751e-17 4.65109846699e-17
7.88011686751e-17 4.65109846699e-17
7.88011686751e-17 4.65109846699e-17
7.88313031661e-17 4.66802760658e-17
7.88313031661e-17 4.66802760658e-17
7.88313031661e-17 4.66802760658e-17
5.10498286981e-17 -3.26502507925e-16
5.10498286981e-17 -3.26502507925e-16
5.10498286981e-17 -3.26502507925e-16
4.93862559897e-17 -3.25763683437e-16
4.93862559897e-17 -3.25763683437e-16
4.93862559897e-17 -3.25763683437e-16
8.09640216129e-17 4.6045603167e-17
8.09640216129e-17 4.6045603167e-17
8.09640216129e-17 4.6045603167e-17
4.0342970237e-16 -8.69980677165e-19
4.0342970237e-16 -8.69980677165e-19
4.0342970237e-16 -8.69980677165e-19
0.166646926748 4.54453721009e-16
0.166646926748 4.54453721009e-16
0.166646926748 4.54453721009e-16
4.1373154902e-16 -1.95156391047e-18
4.1373154902e-16 -1.95156391047e-18
4.1373154902e-16 -1.95156391047e-18
1.67531692286e-16 2.35470644784e-18
1.67531692286e-16 2.35470644784e-18
1.67531692286e-16 2.35470644784e-18
1.35089205923e-16 7.31300610371e-17
1.35089205923e-16 7.31300610371e-17
1.35089205923e-16 7.31300610371e-17
7.88139886593e-17 4.65942052925e-17
7.88139886593e-17 4.65942052925e-17
7.88139886593e-17 4.65942052925e-17
5.0183313993e-17 -3.26936082915e-16
5.0183313993e-17 -3.26936082915e-16
5.0183313993e-17 -3.26936082915e-16
-3.45794801245e-19 -1.76601241721e-16
-3.45794801245e-19 -1.76601241721e-16
-4.24102875829e-19 -1.77404498637e-16
-4.24102875829e-19 -1.77404498637e-16
-3.45794801245e-19 -1.76601241721e-16
-3.45794801245e-19 -1.76601241721e-16
-4.24102875829e-19 -1.77404498637e-16
-4.24102875829e-19 -1.77404498637e-16
8.83168441628e-06 0.00132033682023
8.83168441628e-06 0.00132033682023
-8.83168441628e-06 -0.00132033682023
-8.83168441628e-06 -0.00132033682023
1.61653545959e-05 0.00178627168285
1.61653545959e-05 0.00178627168285
-1.61653545959e-05 -0.00178627168285
-1.61653545959e-05 -0.00178627168285
-6.63002527434e-20 -1.01589730928e-17
-6.63002527434e-20 -1.01589730928e-17
6.63002527434e-20 1.01589730928e-17
6.63002527434e-20 1.01589730928e-17
3.73977923873e-18 -2.34609761643e-16
3.73977923873e-18 -2.34609761643e-16
1.06668266896e-18 -2.15440284497e-16
1.06668266896e-18 -2.15440284497e-16
1.53891998785e-18 1.6781435147e-17
1.53891998785e-18 1.6781435147e-17
-1.53891998785e-18 -1.6781435147e-17
-1.53891998785e-18 -1.6781435147e-17
4.32303373122e-17 3.38471027899e-17
4.32303373122e-17 3.38471027899e-17
-3.94190376464e-17 -4.09715100722e-17
-3.94190376464e-17 -4.09715100722e-17
-3.52824669627e-17 -2.94612686727e-17
-3.52824669627e-17 -2.94612686727e-17
3.91619233429e-17 2.23853925303e-17
3.91619233429e-17 2.23853925303e-17
1.00826458104e-19 -1.14527939808e-18
1.00826458104e-19 -1.14527939808e-18
9.08390895007e-19 -7.20157034317e-19
9.08390895007e-19 -7.20157034317e-19
1.43280679711e-19 -2.65804756784e-18
1.43280679711e-19 -2.65804756784e-18
8.65919405237e-19 7.9270153914e-19
8.65919405237e-19 7.9270153914e-19
6.97357321524e-18 -2.76182656722e-18
6.97357321524e-18 -2.76182656722e-18
-6.14493350423e-18 1.35902705036e-18
-6.14493350423e-18 1.35902705036e-18
-6.3996318722e-18 1.86677548804e-18
-6.3996318722e-18 1.86677548804e-18
7.22977827662e-18 -3.26984320186e-18
7.22977827662e-18 -3.26984320186e-18
-2.45145476907e-18 -4.91322743703e-18
-2.45145476907e-18 -4.91322743703e-18
2.45145476907e-18 4.91322743703e-18
2.45145476907e-18 4.91322743703e-18
3.08499352271e-19 -8.50595963373e-20
3.08499352271e-19 -8.50595963373e-20
-3.08499352271e-19 8.50595963373e-20
-3.08499352271e-19 8.50595963373e-20
-2.77110748678e-18 1.5681365549e-18
-2.77110748678e-18 1.5681365549e-18
2.77110748678e-18 -1.5681365549e-18
2.77110748678e-18 -1.5681365549e-18
-6.97514326038e-17 -1.71488747135e-18
-4.46638493774e-17 -1.8029621038e-18
2.52843151711e-16 1.21794877344e-17
-1.12757025938e-17 -5.22043346052e-17
-2.45550108025e-15 -5.34511671035e-17
-1.04083408559e-17 -5.21501244966e-17
0.111206848323 1.86307709117e-17
0.111206848323 1.99281937783e-17
0.111206848323 1.99281937783e-17
2.96969402367e-16 1.2605255867e-16
2.96969402367e-16 1.2605255867e-16
2.96969817881e-16 1.26052632661e-16
0.11103400073 1.64435085098e-17
0.11103400073 1.86292819936e-17
0.11103400073 1.86258475393e-17
-1.15438895495e-15 -1.34632790756e-16
-1.19608037133e-15 -1.34631654882e-16
-1.15622130895e-15 -1.34631654882e-16
-1.15090369341e-15 -1.35559135089e-16
-1.15090369341e-15 -1.3555913509e-16
-1.15090369341e-15 -1.3555913509e-16
-1.15400004635e-15 -1.34807319708e-16
-1.15400004635e-15 -1.34807319708e-16
-1.15400004635e-15 -1.34807319708e-16
-1.1540969321e-15 -1.34808847437e-16
-1.1540969321e-15 -1.34808847437e-16
-1.1540969321e-15 -1.34808847437e-16
-3.48084533403e-17 -5.5032568471e-17
-3.48084533403e-17 -5.5032568471e-17
-3.48084533403e-17 -5.5032568471e-17
-3.47570027926e-17 -5.49745327515e-17
-3.47570027926e-17 -5.49745327515e-17
-3.47570027926e-17 -5.49745327515e-17
3.25260651746e-18 -2.03287907341e-20
3.25260651746e-18 -2.03287907341e-20
3.25260651746e-18 -2.03287907341e-20
6.36968776335e-18 -4.60785923306e-19
6.36968776335e-18 -4.60785923306e-19
6.36968776335e-18 -4.60785923306e-19
-2.67994894566e-17 -4.88542841296e-17
-2.67994894566e-17 -4.88542841296e-17
-2.67994894566e-17 -4.88542841296e-17
-7.39886665255e-17 -1.84585702321e-18
-7.39886665255e-17 -1.84585702321e-18
-7.39886665255e-17 -1.84585702321e-18
-1.21430643318e-17 -5.15538133017e-17
-1.21430643318e-17 -5.15538133017e-17
-1.21430643318e-17 -5.15538133017e-17
0.111092484281 1.90624748257e-17
0.111092484281 1.90624748257e-17
0.111092484281 1.90624748257e-17
2.95312081591e-16 1.25894580007e-16
2.95312081591e-16 1.25894580007e-16
2.95312081591e-16 1.25894580007e-16
-1.15390516735e-15 -1.34823578341e-16
-1.15390516735e-15 -1.34823578341e-16
-1.15390516735e-15 -1.34823578341e-16
-3.49533039843e-17 -5.50969060768e-17
-3.49533039843e-17 -5.50969060768e-17
-3.49533039843e-17 -5.50969060768e-17
3.33392168039e-18 -2.37169225231e-20
3.33392168039e-18 -2.37169225231e-20
3.33392168039e-18 -2.37169225231e-20
-8.67632875899e-19 3.09140687242e-17
-8.67632875899e-19 3.09140687242e-17
-8.67172354775e-19 3.09586135982e-17
-8.67172354775e-19 3.09586135982e-17
-8.67632875899e-19 3.09140687242e-17
-8.67632875899e-19 3.09140687242e-17
-8.67172354775e-19 3.09586135982e-17
-8.67172354775e-19 3.09586135982e-17
9.59459993202e-18 2.86342397593e-18
9.59459993202e-18 2.86342397593e-18
-9.59459993202e-18 -2.86342397593e-18
-9.59459993202e-18 -2.86342397593e-18
1.29933586383e-17 -3.70589880065e-19
1.29933586383e-17 -3.70589880065e-19
-1.29933586383e-17 3.70589880065e-19
-1.29933586383e-17 3.70589880065e-19
3.33189727516e-05 0.00436478543045
3.33189727516e-05 0.00436478543045
-3.33189727516e-05 -0.00436478543045
-3.33189727516e-05 -0.00436478543045
1.65706113165e-16 -4.47016809166e-16
1.65706113165e-16 -4.47016809166e-16
1.64395318102e-16 -3.28973196304e-16
1.64395318102e-16 -3.28973196304e-16
-1.66551001094e-05 -0.0022068007645
-1.66551001094e-05 -0.0022068007645
1.66551001094e-05 0.0022068007645
1.66551001094e-05 0.0022068007645
-1.6293903791e-17 -3.13686926177e-17
-1.6293903791e-17 -3.13686926177e-17
9.20735701718e-18 9.21440631201e-17
9.20735701718e-18 9.21440631201e-17
2.53166552393e-17 1.02375579276e-16
2.53166552393e-17 1.02375579276e-16
-3.24277089033e-17 -4.17439036837e-17
-3.24277089033e-17 -4.17439036837e-17
-1.29159370236e-18 4.4762953801e-18
-1.29159370236e-18 4.4762953801e-18
-5.68893912508e-19 2.19855104733e-18
-5.68893912508e-19 2.19855104733e-18
-2.87915181718e-18 -6.40203774253e-18
-2.87915181718e-18 -6.40203774253e-18
1.01865366098e-18 1.30775526817e-17
1.01865366098e-18 1.30775526817e-17
-3.85558997662e-18 1.29139107899e-17
-3.85558997662e-18 1.29139107899e-17
2.87543745531e-18 -1.22932848241e-17
2.87543745531e-18 -1.22932848241e-17
-7.91084606676e-18 1.78431625002e-17
-7.91084606676e-18 1.78431625002e-17
6.93121006335e-18 -1.72229944443e-17
6.93121006335e-18 -1.72229944443e-17
1.33333424412e-17 -1.19819016106e-17
1.33333424412e-17 -1.19819016106e-17
-1.33333424412e-17 1.19819016106e-17
-1.33333424412e-17 1.19819016106e-17
-8.22774632632e-20 -1.7318701688e-18
-8.22774632632e-20 -1.7318701688e-18
8.22774632632e-20 1.7318701688e-18
8.22774632632e-20 1.7318701688e-18
1.46702457524e-18 1.97483519489e-18
1.46702457524e-18 1.97483519489e-18
-1.46702457524e-18 -1.97483519489e-18
-1.46702457524e-18 -1.97483519489e-18
-1.27375009058e-18 -2.86690907823e-20
8.14201076804e-18 1.87886224023e-19
-1.26673485052e-18 -2.85077456139e-20
-8.73916039365e-16 -5.95831716733e-17
1.85218413005e-16 -3.5214838641e-17
1.85452379088e-16 -3.52006550545e-17
-9.43628628565e-17 1.42952666697e-17
-9.43628628565e-17 1.42952666697e-17
-9.43628628565e-17 1.42952666697e-17
0.0777709387304 4.96782705982e-17
0.0777709387304 4.96782705982e-17
0.0777709387304 4.81612345897e-17
-9.43861562561e-17 1.42745162553e-17
-9.43861562561e-17 1.42745162553e-17
-9.4409372092e-17 1.42677850546e-17
7.18559419226e-17 2.02895832018e-16
8.77058773781e-17 2.03671972903e-16
9.08388889381e-17 2.03671028696e-16
8.83394858875e-17 2.04116127664e-16
8.83394858875e-17 2.04116127664e-16
8.83394858875e-17 2.04116127664e-16
8.80633251458e-17 2.04040506348e-16
8.80633251458e-17 2.04040506348e-16
8.80633251458e-17 2.04040506348e-16
8.80686385506e-17 2.04010744618e-16
8.80686385506e-17 2.04010744618e-16
8.80686385506e-17 2.04010744618e-16
5.23354332338e-16 2.29300266579e-16
5.23354332338e-16 2.29300266579e-16
5.23354332338e-16 2.29300266579e-16
5.22977665167e-16 2.29246027448e-16
5.22977665167e-16 2.29246027448e-16
5.22977665167e-16 2.29246027448e-16
4.20009909059e-16 -7.04164646891e-17
4.20009909059e-16 -7.04164646891e-17
4.20009909059e-16 -7.04164646891e-17
3.85413341149e-16 -6.83503327979e-17
3.85413341149e-16 -6.83503327979e-17
3.85413341149e-16 -6.83503327979e-17
4.70850709336e-16 1.98152547277e-16
4.70850709336e-16 1.98152547277e-16
4.70850709336e-16 1.98152547277e-16
-1.26673227498e-18 -2.85076850641e-20
-1.26673227498e-18 -2.85076850641e-20
-1.26673227498e-18 -2.85076850641e-20
1.85180348228e-16 -3.51741031874e-17
1.85180348228e-16 -3.51741031874e-17
1.85180348228e-16 -3.51741031874e-17
-9.4361667817e-17 1.42793387477e-17
-9.4361667817e-17 1.42793387477e-17
-9.4361667817e-17 1.42793387477e-17
0.077671535672 4.92030851148e-17
0.077671535672 4.92030851148e-17
0.077671535672 4.92030851148e-17
8.80622090455e-17 2.04028761349e-16
8.80622090455e-17 2.04028761349e-16
8.80622090455e-17 2.04028761349e-16
5.2312848296e-16 2.29259501265e-16
5.2312848296e-16 2.29259501265e-16
5.2312848296e-16 2.29259501265e-16
4.20017002394e-16 -7.04103529095e-17
4.20017002394e-16 -7.04103529095e-17
4.20017002394e-16 -7.04103529095e-17
-1.25963791281e-20 5.54625109772e-19
-1.25963791281e-20 5.54625109772e-19
-1.24219918534e-20 5.57060264896e-19
-1.24219918534e-20 5.57060264896e-19
-1.25963791281e-20 5.54625109772e-19
-1.25963791281e-20 5.54625109772e-19
-1.24219918534e-20 5.57060264896e-19
-1.24219918534e-20 5.57060264896e-19
1.37375719161e-18 1.25359490673e-18
1.37375719161e-18 1.25359490673e-18
-1.37375719161e-18 -1.25359490673e-18
-1.37375719161e-18 -1.25359490673e-18
1.86257666697e-18 1.69161646226e-18
1.86257666697e-18 1.69161646226e-18
-1.86257666697e-18 -1.69161646226e-18
-1.86257666697e-18 -1.69161646226e-18
-6.08248692669e-19 -4.09690759408e-20
-6.08248692669e-19 -4.09690759408e-20
6.08248692669e-19 4.09690759408e-20
6.08248692669e-19 4.09690759408e-20
-0.000295503606483 -0.105342394958
-0.000295503606483 -0.105342394958
0.000295503606484 -0.098318335004
0.000295503606484 -0.098318335004
1.74996598584e-19 -9.25412771973e-19
1.74996598584e-19 -9.25412771973e-19
-1.74996598584e-19 9.25412771973e-19
-1.74996598584e-19 9.25412771973e-19
1.38127278281e-17 -1.31462487e-17
1.38127278281e-17 -1.31462487e-17
-3.09022334994e-18 8.52362087222e-18
-3.09022334994e-18 8.52362087222e-18
3.92366141784e-18 5.42818189619e-18
3.92366141784e-18 5.42818189619e-18
6.81054916322e-18 -1.00675464729e-17
6.81054916322e-18 -1.00675464729e-17
1.12690874168e-19 -2.69439665373e-19
1.12690874168e-19 -2.69439665373e-19
2.70298707295e-18 -9.45826520549e-19
2.70298707295e-18 -9.45826520549e-19
3.54226759208e-18 -2.14601386119e-19
3.54226759208e-18 -2.14601386119e-19
-7.26795000902e-19 -1.0007014623e-18
-7.26795000902e-19 -1.0007014623e-18
1.36196514785e-18 9.23810463813e-18
1.36196514785e-18 9.23810463813e-18
2.71916143692e-18 -1.85512641881e-17
2.71916143692e-18 -1.85512641881e-17
9.22500974586e-19 -2.20779684978e-17
9.22500974586e-19 -2.20779684978e-17
3.15814288192e-18 1.27681612857e-17
3.15814288192e-18 1.27681612857e-17
-4.77377385822e-17 1.44386944351e-16
-4.77377385822e-17 1.44386944351e-16
4.77377385822e-17 -1.44386944351e-16
4.77377385822e-17 -1.44386944351e-16
2.88948612398e-19 -3.23323318771e-19
2.88948612398e-19 -3.23323318771e-19
-2.88948612398e-19 3.23323318771e-19
-2.88948612398e-19 3.23323318771e-19
-1.84744553181e-17 -8.69739246313e-17
-1.84744553181e-17 -8.69739246313e-17
1.84744553181e-17 8.69739246313e-17
1.84744553181e-17 8.69739246313e-17
-6.97506059503e-17 -1.7148671493e-18
-4.46633200433e-17 -1.80294073795e-18
2.52840155213e-16 1.21793433906e-17
7.8062556419e-18 5.66495635124e-17
-2.43641912201e-15 5.5402731014e-17
8.67361737988e-18 5.66495635124e-17
0.11103400073 2.13599507724e-17
0.11103400073 2.222369277e-17
0.11103400073 2.222369277e-17
2.83013443145e-16 1.22906177169e-16
2.83013443145e-16 1.22906177169e-16
2.83013858654e-16 1.22906251159e-16
0.111208164909 1.87590964099e-17
0.111208164909 2.1375190755e-17
0.111208164909 2.09380737774e-17
-1.23354878457e-15 -1.72055492143e-16
-1.27523970686e-15 -1.72054356282e-16
-1.23538111687e-15 -1.72054356282e-16
-1.23024942849e-15 -1.72942351999e-16
-1.23024942849e-15 -1.72942351999e-16
-1.23024942849e-15 -1.72942351999e-16
-1.23323932739e-15 -1.72243611253e-16
-1.23323932739e-15 -1.72243611253e-16
-1.23323932739e-15 -1.72243611253e-16
-1.23334737124e-15 -1.72247324868e-16
-1.23334737124e-15 -1.72247324868e-16
-1.23334737124e-15 -1.72247324868e-16
-1.19985639616e-16 -2.50476374622e-17
-1.19985639616e-16 -2.50476374622e-17
-1.19985639616e-16 -2.50476374622e-17
-1.19929187099e-16 -2.49996448916e-17
-1.19929187099e-16 -2.49996448916e-17
-1.19929187099e-16 -2.49996448916e-17
1.54498809579e-18 7.79270311474e-19
1.54498809579e-18 7.79270311474e-19
1.54498809579e-18 7.79270311474e-19
4.82469966756e-18 3.01543729223e-19
4.82469966756e-18 3.01543729223e-19
4.82469966756e-18 3.01543729223e-19
-1.0378042087e-16 -2.20385139971e-17
-1.0378042087e-16 -2.20385139971e-17
-1.0378042087e-16 -2.20385139971e-17
-7.39877896555e-17 -1.845835149e-18
-7.39877896555e-17 -1.845835149e-18
-7.39877896555e-17 -1.845835149e-18
7.8062556419e-18 5.70290342727e-17
7.8062556419e-18 5.70290342727e-17
7.8062556419e-18 5.70290342727e-17
0.111091167695 2.13642107592e-17
0.111091167695 2.13642107592e-17
0.111091167695 2.13642107592e-17
2.81406590973e-16 1.22771621619e-16
2.81406590973e-16 1.22771621619e-16
2.81406590973e-16 1.22771621619e-16
-1.23315112019e-15 -1.72258555384e-16
-1.23315112019e-15 -1.72258555384e-16
-1.23315112019e-15 -1.72258555384e-16
-1.20130182031e-16 -2.51129056105e-17
-1.20130182031e-16 -2.51129056105e-17
-1.20130182031e-16 -2.51129056105e-17
1.54498809579e-18 7.72494047896e-19
1.54498809579e-18 7.72494047896e-19
1.54498809579e-18 7.72494047896e-19
-8.67622594027e-19 3.09137023487e-17
-8.67622594027e-19 3.09137023487e-17
-8.67162078356e-19 3.09582466948e-17
-8.67162078356e-19 3.09582466948e-17
-8.67622594027e-19 3.09137023487e-17
-8.67622594027e-19 3.09137023487e-17
-8.67162078356e-19 3.09582466948e-17
-8.67162078356e-19 3.09582466948e-17
8.85806663936e-18 3.16013585113e-18
8.85806663936e-18 3.16013585113e-18
-8.85806663936e-18 -3.16013585113e-18
-8.85806663936e-18 -3.16013585113e-18
1.19978412954e-17 3.32375588813e-20
1.19978412954e-17 3.32375588813e-20
-1.19978412954e-17 -3.32375588813e-20
-1.19978412954e-17 -3.32375588813e-20
-1.66551001094e-05 -0.00218181811434
-1.66551001094e-05 -0.00218181811434
1.66551001094e-05 0.00218181811434
1.66551001094e-05 0.00218181811434
1.60921533911e-16 -4.26912025025e-16
1.60921533911e-16 -4.26912025025e-16
1.6096580823e-16 -3.12573909068e-16
1.6096580823e-16 -3.12573909068e-16
3.33187752637e-05 0.00441473772244
3.33187752637e-05 0.00441473772244
-3.33187752637e-05 -0.00441473772244
-3.33187752637e-05 -0.00441473772244
-1.73266314688e-17 -2.69272042457e-17
-1.73266314688e-17 -2.69272042457e-17
8.27132775045e-18 9.18686460304e-17
8.27132775045e-18 9.18686460304e-17
2.26132292247e-17 1.01945313001e-16
2.26132292247e-17 1.01945313001e-16
-3.16920013898e-17 -3.71426761964e-17
-3.16920013898e-17 -3.71426761964e-17
-1.28161136338e-18 5.74635122723e-18
-1.28161136338e-18 5.74635122723e-18
-1.09548800434e-18 2.02215293461e-18
-1.09548800434e-18 2.02215293461e-18
-2.82690355312e-18 -6.42129640405e-18
-2.82690355312e-18 -6.42129640405e-18
4.49778561448e-19 1.41905460684e-17
4.49778561448e-19 1.41905460684e-17
-3.66834028289e-18 1.36589078751e-17
-3.66834028289e-18 1.36589078751e-17
3.22191125171e-18 -1.15221307338e-17
3.22191125171e-18 -1.15221307338e-17
-6.84284075454e-18 1.88654787838e-17
-6.84284075454e-18 1.88654787838e-17
6.39683885724e-18 -1.67292040699e-17
6.39683885724e-18 -1.67292040699e-17
1.17940107206e-18 -3.02796903913e-17
1.17940107206e-18 -3.02796903913e-17
-1.17940107206e-18 3.02796903913e-17
-1.17940107206e-18 3.02796903913e-17
4.60174835693e-20 1.26276326711e-18
4.60174835693e-20 1.26276326711e-18
-4.60174835693e-20 -1.26276326711e-18
-4.60174835693e-20 -1.26276326711e-18
1.60790709633e-18 2.57277410585e-18
1.60790709633e-18 2.57277410585e-18
-1.60790709633e-18 -2.57277410585e-18
-1.60790709633e-18 -2.57277410585e-18
-9.78141242252e-19 -7.25239623566e-19
7.55784190705e-18 -4.82501235647e-19
-4.91776311174e-18 4.45071487551e-18
1.36753042152e-16 -1.61178828967e-17
1.31604842822e-16 -1.68965534932e-17
-7.47173319695e-16 -4.44638572454e-17
-9.10108762063e-16 2.07185072161e-17
5.66886538084e-16 -1.3477216099e-16
5.66886538084e-16 -1.3477216099e-16
9.55981539379e-18 1.63951523053e-17
9.55981539379e-18 1.63951523053e-17
1.0609204922e-17 1.64442422217e-17
-2.87061096057e-17 4.97659967434e-17
-3.07958840002e-17 4.98726047194e-17
-3.23909039057e-17 4.88765364524e-17
0.066873039254 7.39628817943e-18
0.066873039254 4.60787163484e-19
0.066873039254 3.92345340588e-18
0.0665332181388 7.47082728563e-18
0.0665332181388 7.47421531403e-18
0.0665332181388 7.47421531403e-18
0.0665972666582 3.98065112355e-18
0.0665972666582 3.98065112355e-18
0.0665972666582 3.98065112355e-18
0.0665972666582 3.97332753202e-18
0.0665972666582 3.97332753202e-18
0.0665972666582 3.97332753202e-18
1.34362209028e-16 9.39179667551e-17
1.34362209028e-16 9.39179667551e-17
1.34362209028e-16 9.39179667551e-17
1.34356405341e-16 9.39083719739e-17
1.34356405341e-16 9.39083719739e-17
1.34356405341e-16 9.39083719739e-17
-1.33166661444e-18 4.57010309317e-17
-1.33166661444e-18 4.57010309317e-17
-1.33166661444e-18 4.57010309317e-17
9.96202143508e-19 4.69131319762e-17
9.96202143508e-19 4.69131319762e-17
9.96202143508e-19 4.69131319762e-17
1.2461711909e-16 9.80062450825e-17
1.2461711909e-16 9.80062450825e-17
1.2461711909e-16 9.80062450825e-17
-8.30221567367e-21 -7.3889390642e-19
-8.30221567367e-21 -7.3889390642e-19
-8.30221567367e-21 -7.3889390642e-19
1.33854520616e-16 -1.68576929921e-17
1.33854520616e-16 -1.68576929921e-17
1.33854520616e-16 -1.68576929921e-17
-3.02252537612e-17 4.89576527235e-17
-3.02252537612e-17 4.89576527235e-17
-3.02252537612e-17 4.89576527235e-17
1.16499062735e-17 1.64524006829e-17
1.16499062735e-17 1.64524006829e-17
1.16499062735e-17 1.64524006829e-17
0.0666011468762 7.44407009843e-18
0.0666011468762 7.44407009843e-18
0.0666011468762 7.44407009843e-18
1.34395045232e-16 9.39135654655e-17
1.34395045232e-16 9.39135654655e-17
1.34395045232e-16 9.39135654655e-17
-1.29420240095e-18 4.57298534459e-17
-1.29420240095e-18 4.57298534459e-17
-1.29420240095e-18 4.57298534459e-17
-2.91726585061e-19 4.39048304999e-19
-2.91726585061e-19 4.39048304999e-19
-2.93115760208e-19 4.39652794758e-19
-2.93115760208e-19 4.39652794758e-19
-2.91726585061e-19 4.39048304999e-19
-2.91726585061e-19 4.39048304999e-19
-2.93115760208e-19 4.39652794758e-19
-2.93115760208e-19 4.39652794758e-19
9.30561652334e-19 2.39125111181e-18
9.30561652334e-19 2.39125111181e-18
-9.30561652334e-19 -2.39125111181e-18
-9.30561652334e-19 -2.39125111181e-18
1.2639716288e-18 1.87396414337e-18
1.2639716288e-18 1.87396414337e-18
-1.2639716288e-18 -1.87396414337e-18
-1.2639716288e-18 -1.87396414337e-18
-1.77607734384e-18 -8.11970676718e-19
-1.77607734384e-18 -8.11970676718e-19
1.77607734384e-18 8.11970676718e-19
1.77607734384e-18 8.11970676718e-19
2.24984197782e-17 -1.42497006494e-17
2.24984197782e-17 -1.42497006494e-17
2.11241863864e-17 -1.91951714743e-17
2.11241863864e-17 -1.91951714743e-17
8.37095051353e-19 -1.27348972979e-19
8.37095051353e-19 -1.27348972979e-19
-8.37095051353e-19 1.27348972979e-19
-8.37095051353e-19 1.27348972979e-19
0.000890065072034 0.00556177426682
0.000890065072034 0.00556177426682
-0.000890065072034 -0.00907214536204
-0.000890065072034 -0.00907214536204
-0.000222371060779 -0.00357876314818
-0.000222371060779 -0.00357876314818
0.000222371060779 7.73293482809e-05
0.000222371060779 7.73293482809e-05
-7.0433072929e-05 -0.000894108185675
-7.0433072929e-05 -0.000894108185675
7.0433072929e-05 -2.49608677137e-05
7.0433072929e-05 -2.49608677137e-05
-7.0433072929e-05 -0.000894108185675
-7.0433072929e-05 -0.000894108185675
7.0433072929e-05 -2.49608677137e-05
7.0433072929e-05 -2.49608677137e-05
3.26987182272e-19 -2.85350976032e-18
3.26987182272e-19 -2.85350976032e-18
1.34470643352e-18 -1.58052732367e-18
1.34470643352e-18 -1.58052732367e-18
1.03220880674e-18 -3.44877230873e-18
1.03220880674e-18 -3.44877230873e-18
6.39399415496e-19 -9.85213122451e-19
6.39399415496e-19 -9.85213122451e-19
1.52289510908e-17 2.38017156286e-17
1.52289510908e-17 2.38017156286e-17
-1.52289510908e-17 -2.38017156286e-17
-1.52289510908e-17 -2.38017156286e-17
1.27053093378e-18 -3.48908513394e-19
1.27053093378e-18 -3.48908513394e-19
-1.27053093378e-18 3.48908513394e-19
-1.27053093378e-18 3.48908513394e-19
-1.64490324843e-18 6.50027662541e-18
-1.64490324843e-18 6.50027662541e-18
1.64490324843e-18 -6.50027662541e-18
1.64490324843e-18 -6.50027662541e-18
-9.78141242252e-19 -7.25239623566e-19
7.55784190705e-18 -4.82501235649e-19
-4.91776311174e-18 4.45071487551e-18
2.28841493462e-16 9.20479337362e-17
2.23693294132e-16 9.12692631397e-17
-6.55084868385e-16 6.37019593876e-17
-9.08358516756e-16 2.12041611461e-17
5.6863678339e-16 -1.3428650706e-16
5.6863678339e-16 -1.3428650706e-16
4.22809445668e-17 -3.05629170741e-18
4.22809445668e-17 -3.05629170741e-18
4.3330334095e-17 -3.00720179102e-18
-2.68824834676e-17 5.0297481701e-17
-2.89722578625e-17 5.0404089677e-17
-3.05672777684e-17 4.940802141e-17
0.0665332181388 -7.36918912249e-18
0.0665332181388 -1.08386313183e-17
0.0665332181388 -7.36918891569e-18
0.066873039254 -3.94717591214e-18
0.066873039254 -3.94039964855e-18
0.066873039254 -3.94039964855e-18
0.0665972666582 -7.3928754862e-18
0.0665972666582 -7.3928754862e-18
0.0665972666582 -7.3928754862e-18
0.0665972666582 -7.38481382788e-18
0.0665972666582 -7.38481382788e-18
0.0665972666582 -7.38481382788e-18
1.19692054453e-16 1.77732467889e-16
1.19692054453e-16 1.77732467889e-16
1.19692054453e-16 1.77732467889e-16
1.19706331614e-16 1.77736911063e-16
1.19706331614e-16 1.77736911063e-16
1.19706331614e-16 1.77736911063e-16
2.45800939038e-17 4.3180995541e-17
2.45800939038e-17 4.3180995541e-17
2.45800939038e-17 4.3180995541e-17
2.4666369593e-17 4.16077515702e-17
2.4666369593e-17 4.16077515702e-17
2.4666369593e-17 4.16077515702e-17
1.23707989022e-16 1.76894059428e-16
1.23707989022e-16 1.76894059428e-16
1.23707989022e-16 1.76894059428e-16
-8.30221567344e-21 -7.3889390642e-19
-8.30221567344e-21 -7.3889390642e-19
-8.30221567344e-21 -7.3889390642e-19
2.25961989164e-16 9.13165522305e-17
2.25961989164e-16 9.13165522305e-17
2.25961989164e-16 9.13165522305e-17
-2.84390041058e-17 4.94655964346e-17
-2.84390041058e-17 4.94655964346e-17
-2.84390041058e-17 4.94655964346e-17
4.43990890698e-17 -2.96497204959e-18
4.43990890698e-17 -2.96497204959e-18
4.43990890698e-17 -2.96497204959e-18
0.0666011468762 -3.92036009856e-18
0.0666011468762 -3.92036009856e-18
0.0666011468762 -3.92036009856e-18
1.19715223716e-16 1.7773714406e-16
1.19715223716e-16 1.7773714406e-16
1.19715223716e-16 1.7773714406e-16
2.46212190723e-17 4.31925583095e-17
2.46212190723e-17 4.31925583095e-17
2.46212190723e-17 4.31925583095e-17
-2.91726585061e-19 4.39048304999e-19
-2.91726585061e-19 4.39048304999e-19
-2.93115760208e-19 4.39652794758e-19
-2.93115760208e-19 4.39652794758e-19
-2.91726585061e-19 4.39048304999e-19
-2.91726585061e-19 4.39048304999e-19
-2.93115760208e-19 4.39652794758e-19
-2.93115760208e-19 4.39652794758e-19
1.20818749363e-18 1.75336607601e-18
1.20818749363e-18 1.75336607601e-18
-1.20818749363e-18 -1.75336607601e-18
-1.20818749363e-18 -1.75336607601e-18
1.63753777487e-18 1.01007497453e-18
1.63753777487e-18 1.01007497453e-18
-1.63753777487e-18 -1.01007497453e-18
-1.63753777487e-18 -1.01007497453e-18
-9.35861472391e-19 -2.19259631188e-18
-9.35861472391e-19 -2.19259631188e-18
9.35861472391e-19 2.19259631188e-18
9.35861472391e-19 2.19259631188e-18
-4.08492420267e-18 -5.60468471818e-17
-4.08492420267e-18 -5.60468471818e-17
-3.21839333231e-18 -6.31772276841e-17
-3.21839333231e-18 -6.31772276841e-17
-4.05590937899e-20 1.28970812945e-18
-4.05590937899e-20 1.28970812945e-18
4.05590937899e-20 -1.28970812945e-18
4.05590937899e-20 -1.28970812945e-18
-0.000222371060779 -0.00357876314818
-0.000222371060779 -0.00357876314818
0.000222371060779 7.73293482809e-05
0.000222371060779 7.73293482809e-05
0.000890065072034 0.00556177426682
0.000890065072034 0.00556177426682
-0.000890065072034 -0.00907214536204
-0.000890065072034 -0.00907214536204
-7.0433072929e-05 -0.000894108185675
-7.0433072929e-05 -0.000894108185675
7.0433072929e-05 -2.49608677137e-05
7.0433072929e-05 -2.49608677137e-05
-7.0433072929e-05 -0.000894108185675
-7.0433072929e-05 -0.000894108185675
7.0433072929e-05 -2.49608677137e-05
7.0433072929e-05 -2.49608677137e-05
1.93532173599e-18 -2.05391131239e-18
1.93532173599e-18 -2.05391131239e-18
1.22835078938e-18 -2.1189109844e-18
1.22835078938e-18 -2.1189109844e-18
1.75792419468e-18 -8.36180789836e-19
1.75792419468e-18 -8.36180789836e-19
1.40578787495e-18 -3.33676857368e-18
1.40578787495e-18 -3.33676857368e-18
-4.24609649225e-18 -7.15065211894e-18
-4.24609649225e-18 -7.15065211894e-18
4.24609649225e-18 7.15065211894e-18
4.24609649225e-18 7.15065211894e-18
4.8325216352e-19 -4.75376763268e-19
4.8325216352e-19 -4.75376763268e-19
-4.8325216352e-19 4.75376763268e-19
-4.8325216352e-19 4.75376763268e-19
4.51587669105e-18 -2.54097995193e-19
4.51587669105e-18 -2.54097995193e-19
-4.51587669105e-18 2.54097995193e-19
-4.51587669105e-18 2.54097995193e-19
-9.79082854579e-19 -7.25937778944e-19
7.56511749956e-18 -4.8296571776e-19
-4.92249721983e-18 4.45499937739e-18
2.0336754641e-16 -2.5532302892e-17
1.98214391142e-16 -2.63117230795e-17
-6.8140973136e-16 -5.39055646279e-17
-9.00983681796e-16 3.39534531013e-17
5.77433454912e-16 -1.21686898937e-16
5.77433454912e-16 -1.21686898937e-16
1.39426773226e-17 1.01606481168e-17
1.39426773226e-17 1.01606481168e-17
1.49930770506e-17 1.02097852898e-17
-1.86393924037e-17 6.30727228553e-17
-2.07311785305e-17 6.31794334581e-17
-2.23277338896e-17 6.21824063211e-17
0.0665972666582 3.44916250734e-18
0.0665972666582 -3.48960897396e-18
0.0665972666582 -3.4897214704e-18
0.0665972666582 3.42013042343e-18
0.0665972666582 3.42012711472e-18
0.0665972666582 3.42012711472e-18
0.0666807963936 -1.58818728194e-21
0.0666807963936 -1.58818728194e-21
0.0666807963936 -1.58818728194e-21
0.0666613768343 -2.43522022967e-21
0.0666613768343 -2.43522022967e-21
0.0666613768343 -2.43522022967e-21
7.85011817158e-17 1.29246807319e-16
7.85011817158e-17 1.29246807319e-16
7.85011817158e-17 1.29246807319e-16
7.85022072838e-17 1.29229212257e-16
7.85022072838e-17 1.29229212257e-16
7.85022072838e-17 1.29229212257e-16
8.23823040821e-18 4.12886378948e-17
8.23823040821e-18 4.12886378948e-17
8.23823040821e-18 4.12886378948e-17
9.81502469103e-18 4.11496266016e-17
9.81502469103e-18 4.11496266016e-17
9.81502469103e-18 4.11496266016e-17
8.02691325846e-17 1.31469811658e-16
8.02691325846e-17 1.31469811658e-16
8.02691325846e-17 1.31469811658e-16
-8.31020784098e-21 -7.39605206159e-19
-8.31020784098e-21 -7.39605206159e-19
-8.31020784098e-21 -7.39605206159e-19
2.00476213979e-16 -2.62873440419e-17
2.00476213979e-16 -2.62873440419e-17
2.00476213979e-16 -2.62873440419e-17
-2.02155402651e-17 6.22413418859e-17
-2.02155402651e-17 6.22413418859e-17
-2.02155402651e-17 6.22413418859e-17
1.59612719462e-17 1.02109783836e-17
1.59612719462e-17 1.02109783836e-17
1.59612719462e-17 1.02109783836e-17
0.0666652607875 3.4650402741e-18
0.0666652607875 3.4650402741e-18
0.0666652607875 3.4650402741e-18
7.85283312298e-17 1.29239764338e-16
7.85283312298e-17 1.29239764338e-16
7.85283312298e-17 1.29239764338e-16
8.2697544629e-18 4.12882521935e-17
8.2697544629e-18 4.12882521935e-17
8.2697544629e-18 4.12882521935e-17
-2.92007417048e-19 4.39470956941e-19
-2.92007417048e-19 4.39470956941e-19
-2.93397929491e-19 4.40076028615e-19
-2.93397929491e-19 4.40076028615e-19
-2.92007417048e-19 4.39470956941e-19
-2.92007417048e-19 4.39470956941e-19
-2.93397929491e-19 4.40076028615e-19
-2.93397929491e-19 4.40076028615e-19
4.43665761284e-19 2.0630573801e-18
4.43665761284e-19 2.0630573801e-18
-4.43665761284e-19 -2.0630573801e-18
-4.43665761284e-19 -2.0630573801e-18
6.0419348912e-19 1.43019435828e-18
6.0419348912e-19 1.43019435828e-18
-6.0419348912e-19 -1.43019435828e-18
-6.0419348912e-19 -1.43019435828e-18
-9.65939897959e-19 -2.25441444422e-18
-9.65939897959e-19 -2.25441444422e-18
9.65939897959e-19 2.25441444422e-18
9.65939897959e-19 2.25441444422e-18
1.43542319326e-17 -2.25634976004e-17
1.43542319326e-17 -2.25634976004e-17
1.29229792152e-17 -2.22779962009e-17
1.29229792152e-17 -2.22779962009e-17
1.38114539346e-20 1.97464586697e-18
1.38114539346e-20 1.97464586697e-18
-1.38114539346e-20 -1.97464586697e-18
-1.38114539346e-20 -1.97464586697e-18
-0.00022258512734 -0.00358220826157
-0.00022258512734 -0.00358220826157
0.00022258512734 7.74037897464e-05
0.00022258512734 7.74037897464e-05
-0.00022258512734 -0.00358220826157
-0.00022258512734 -0.00358220826157
0.00022258512734 7.74037897464e-05
0.00022258512734 7.74037897464e-05
0.000281999748114 0.0012799009507
0.000281999748114 0.0012799009507
-0.000281999748114 -0.00219998874525
-0.000281999748114 -0.00219998874525
-7.05008756622e-05 -0.000894968903179
-7.05008756622e-05 -0.000894968903179
7.05008756622e-05 -2.4984896412e-05
7.05008756622e-05 -2.4984896412e-05
5.00115937858e-19 -1.85912276337e-18
5.00115937858e-19 -1.85912276337e-18
1.80040752216e-18 -1.58250325783e-18
1.80040752216e-18 -1.58250325783e-18
1.94355615578e-18 -2.00223739074e-18
1.94355615578e-18 -2.00223739074e-18
3.56810708187e-19 -1.43939775802e-18
3.56810708187e-19 -1.43939775802e-18
4.46993216756e-18 -3.3089397756e-18
4.46993216756e-18 -3.3089397756e-18
-4.46993216756e-18 3.3089397756e-18
-4.46993216756e-18 3.3089397756e-18
-3.44444812746e-20 -1.38126156718e-20
-3.44444812746e-20 -1.38126156718e-20
3.44444812746e-20 1.38126156718e-20
3.44444812746e-20 1.38126156718e-20
1.42289302342e-18 4.10451835935e-18
1.42289302342e-18 4.10451835935e-18
-1.42289302342e-18 -4.10451835935e-18
-1.42289302342e-18 -4.10451835935e-18
-9.79082854579e-19 -7.25937778944e-19
7.56511749956e-18 -4.8296571776e-19
-4.92249721983e-18 4.45499937739e-18
2.15950047583e-16 6.7615136053e-18
2.10796892315e-16 5.98209341784e-18
-6.68827230187e-16 -2.16117481306e-17
-8.99968788186e-16 3.29179995506e-17
5.78448348522e-16 -1.22722352488e-16
5.78448348522e-16 -1.22722352488e-16
6.24021665298e-18 1.13182863874e-18
6.24021665298e-18 1.13182863874e-18
7.29061638097e-18 1.18096581177e-18
-1.76348963102e-17 6.20196496565e-17
-1.97266824362e-17 6.21263602592e-17
-2.13232377953e-17 6.11293331223e-17
0.0665972666582 1.0361082593e-17
0.0665972666582 6.8917580637e-18
0.0665972666582 6.89503039032e-18
0.0665972666582 1.38215909317e-17
0.0665972666582 1.38182027999e-17
0.0665972666582 1.38182027999e-17
0.0666613768343 6.93905272221e-18
0.0666613768343 6.93905272221e-18
0.0666613768343 6.93905272221e-18
0.0666807963936 6.942440854e-18
0.0666807963936 6.942440854e-18
0.0666807963936 6.942440854e-18
7.50863949783e-17 1.27221734108e-16
7.50863949783e-17 1.27221734108e-16
7.50863949783e-17 1.27221734108e-16
7.50809113393e-17 1.27199928115e-16
7.50809113393e-17 1.27199928115e-16
7.50809113393e-17 1.27199928115e-16
1.22755026593e-17 4.72689755121e-17
1.22755026593e-17 4.72689755121e-17
1.22755026593e-17 4.72689755121e-17
1.32485057348e-17 4.72338203165e-17
1.32485057348e-17 4.72338203165e-17
1.32485057348e-17 4.72338203165e-17
7.71101992567e-17 1.28690106713e-16
7.71101992567e-17 1.28690106713e-16
7.71101992567e-17 1.28690106713e-16
-8.31020784095e-21 -7.39605206159e-19
-8.31020784095e-21 -7.39605206159e-19
-8.31020784095e-21 -7.39605206159e-19
2.13057150405e-16 5.99979765759e-18
2.13057150405e-16 5.99979765759e-18
2.13057150405e-16 5.99979765759e-18
-1.91945659365e-17 6.11917358569e-17
-1.91945659365e-17 6.11917358569e-17
-1.91945659365e-17 6.11917358569e-17
8.27298023826e-18 1.18164437324e-18
8.27298023826e-18 1.18164437324e-18
8.27298023826e-18 1.18164437324e-18
0.0666652607875 1.38790181112e-17
0.0666652607875 1.38790181112e-17
0.0666652607875 1.38790181112e-17
7.51113241827e-17 1.27212882903e-16
7.51113241827e-17 1.27212882903e-16
7.51113241827e-17 1.27212882903e-16
1.22985589248e-17 4.72731417984e-17
1.22985589248e-17 4.72731417984e-17
1.22985589248e-17 4.72731417984e-17
-2.92007417048e-19 4.39470956941e-19
-2.92007417048e-19 4.39470956941e-19
-2.93397929491e-19 4.40076028615e-19
-2.93397929491e-19 4.40076028615e-19
-2.92007417048e-19 4.39470956941e-19
-2.92007417048e-19 4.39470956941e-19
-2.93397929491e-19 4.40076028615e-19
-2.93397929491e-19 4.40076028615e-19
2.20788398586e-19 2.11688087057e-18
2.20788398586e-19 2.11688087057e-18
-2.20788398586e-19 -2.11688087057e-18
-2.20788398586e-19 -2.11688087057e-18
3.02831869822e-19 1.50372463955e-18
3.02831869822e-19 1.50372463955e-18
-3.02831869822e-19 -1.50372463955e-18
-3.02831869822e-19 -1.50372463955e-18
-1.50785091379e-18 -2.4823662377e-18
-1.50785091379e-18 -2.4823662377e-18
1.50785091379e-18 2.4823662377e-18
1.50785091379e-18 2.4823662377e-18
2.58463585952e-18 -1.19819388022e-17
2.58463585952e-18 -1.19819388022e-17
1.03278258777e-18 -1.2694591234e-17
1.03278258777e-18 -1.2694591234e-17
1.39947884062e-19 1.35187371693e-18
1.39947884062e-19 1.35187371693e-18
-1.39947884062e-19 -1.35187371693e-18
-1.39947884062e-19 -1.35187371693e-18
-0.00022258512734 -0.00358220826157
-0.00022258512734 -0.00358220826157
0.00022258512734 7.74037897464e-05
0.00022258512734 7.74037897464e-05
-0.00022258512734 -0.00358220826157
-0.00022258512734 -0.00358220826157
0.00022258512734 7.74037897464e-05
0.00022258512734 7.74037897464e-05
-7.05008756622e-05 -0.000894968903179
-7.05008756622e-05 -0.000894968903179
7.05008756622e-05 -2.4984896412e-05
7.05008756622e-05 -2.4984896412e-05
0.000281999748114 0.0012799009507
0.000281999748114 0.0012799009507
-0.000281999748114 -0.00219998874525
-0.000281999748114 -0.00219998874525
3.63671875264e-19 -1.62495538041e-18
3.63671875264e-19 -1.62495538041e-18
1.9007891884e-18 -1.75586767611e-18
1.9007891884e-18 -1.75586767611e-18
2.06561858802e-18 -2.35138211686e-18
2.06561858802e-18 -2.35138211686e-18
1.98648402306e-19 -1.02939213528e-18
1.98648402306e-19 -1.02939213528e-18
2.49310156661e-18 -3.53288559782e-18
2.49310156661e-18 -3.53288559782e-18
-2.49310156661e-18 3.53288559782e-18
-2.49310156661e-18 3.53288559782e-18
1.90042867718e-19 3.58171686017e-19
1.90042867718e-19 3.58171686017e-19
-1.90042867718e-19 -3.58171686017e-19
-1.90042867718e-19 -3.58171686017e-19
9.43085380876e-19 2.63266722221e-18
9.43085380876e-19 2.63266722221e-18
-9.43085380876e-19 -2.63266722221e-18
-9.43085380876e-19 -2.63266722221e-18
8.02877529016e-20 -5.58324019231e-21
-5.13745253665e-19 3.64944725479e-20
7.94979366246e-20 -5.55406373634e-21
9.1320890068e-17 7.41046806591e-17
2.40589781652e-17 7.84733652171e-17
2.40771435494e-17 7.86451815353e-17
-1.88546967254e-18 -1.30033418131e-18
-1.91196211035e-18 -1.30050002446e-18
-1.91196211035e-18 -1.30050002446e-18
-2.00648774111e-15 1.24694918228e-16
-2.00648774111e-15 1.24694918228e-16
3.73856237522e-16 -3.66024019645e-17
-1.90034552328e-18 -1.31530268648e-18
1.00478415771e-17 1.21521409426e-17
-1.89707143135e-18 -1.31529862782e-18
4.27514314213e-17 -4.71388063704e-17
5.1031617527e-17 -4.67743262368e-17
4.25723223102e-17 -4.71722318908e-17
4.14080347184e-17 -4.72161857906e-17
4.30902337227e-17 -4.72071893211e-17
4.29677003681e-17 -4.72071893211e-17
4.26477425102e-17 -4.69768433434e-17
4.26477425102e-17 -4.69768433434e-17
4.26477425102e-17 -4.69768433434e-17
4.26454706385e-17 -4.70108043432e-17
4.26454706385e-17 -4.70108043432e-17
4.26454706385e-17 -4.70108043432e-17
0.0856452902886 -1.41668378008e-17
0.0856452902886 -1.41668378008e-17
0.0856452902886 -1.41668378008e-17
0.085608387933 -1.41770021962e-17
0.085608387933 -1.41770021962e-17
0.085608387933 -1.41770021962e-17
-2.00671022953e-17 4.20686345381e-17
-2.00671022953e-17 4.20686345381e-17
-2.00671022953e-17 4.20686345381e-17
-1.72754190615e-17 3.97191734134e-17
-1.72754190615e-17 3.97191734134e-17
-1.72754190615e-17 3.97191734134e-17
0.0764437024512 -1.23558942379e-17
0.0764437024512 -1.23558942379e-17
0.0764437024512 -1.23558942379e-17
7.98447455331e-20 -5.55187995086e-21
7.98447455331e-20 -5.55187995086e-21
7.98447455331e-20 -5.55187995086e-21
2.42232223595e-17 7.86998031969e-17
2.42232223595e-17 7.86998031969e-17
2.42232223595e-17 7.86998031969e-17
-1.90480473179e-18 -1.30761472113e-18
-1.90480473179e-18 -1.30761472113e-18
-1.90480473179e-18 -1.30761472113e-18
3.73346417782e-16 -3.65639616651e-17
3.73346417782e-16 -3.65639616651e-17
3.73346417782e-16 -3.65639616651e-17
4.26578177103e-17 -4.70007393963e-17
4.26578177103e-17 -4.70007393963e-17
4.26578177103e-17 -4.70007393963e-17
0.0856178669364 -1.41983344136e-17
0.0856178669364 -1.41983344136e-17
0.0856178669364 -1.41983344136e-17
-2.00682399313e-17 4.20737440119e-17
-2.00682399313e-17 4.20737440119e-17
-2.00682399313e-17 4.20737440119e-17
-2.42331279745e-21 -3.49596305744e-20
-2.42331279745e-21 -3.49596305744e-20
-2.44902219772e-21 -3.51121895567e-20
-2.44902219772e-21 -3.51121895567e-20
-2.42331279745e-21 -3.49596305744e-20
-2.42331279745e-21 -3.49596305744e-20
-2.44902219772e-21 -3.51121895567e-20
-2.44902219772e-21 -3.51121895567e-20
1.60516444263e-18 -2.08881125989e-19
1.60516444263e-18 -2.08881125989e-19
-1.60516444263e-18 2.08881125989e-19
-1.60516444263e-18 2.08881125989e-19
2.17097955588e-18 -2.87724375104e-19
2.17097955588e-18 -2.87724375104e-19
-2.17097955588e-18 2.87724375104e-19
-2.17097955588e-18 2.87724375104e-19
-2.73622729676e-19 -2.71093695875e-19
-2.73622729676e-19 -2.71093695875e-19
2.73622729676e-19 2.71093695875e-19
2.73622729676e-19 2.71093695875e-19
-5.08050098274e-17 -5.07390731348e-16
-5.08050098274e-17 -5.07390731348e-16
-4.50575598001e-17 -4.71594187631e-16
-4.50575598001e-17 -4.71594187631e-16
2.91365283909e-19 1.66073021011e-19
2.91365283909e-19 1.66073021011e-19
-2.91365283909e-19 -1.66073021011e-19
-2.91365283909e-19 -1.66073021011e-19
3.5624326021e-18 5.38194094874e-18
3.5624326021e-18 5.38194094874e-18
-6.0385322245e-18 -7.63257125204e-18
-6.0385322245e-18 -7.63257125204e-18
5.33141808425e-18 6.53751652529e-18
5.33141808425e-18 6.53751652529e-18
-7.80908660952e-18 -8.78946765075e-18
-7.80908660952e-18 -8.78946765075e-18
-3.18339775896e-18 -9.88941491227e-19
-3.18339775896e-18 -9.88941491227e-19
2.53495243806e-18 4.00333125704e-19
2.53495243806e-18 4.00333125704e-19
5.78784341946e-19 -1.85983143359e-18
5.78784341946e-19 -1.85983143359e-18
-1.22746399375e-18 1.27123874398e-18
-1.22746399375e-18 1.27123874398e-18
0.000352986715555 0.00146714669888
0.000352986715555 0.00146714669888
-0.000352986715555 -0.00299138879818
-0.000352986715555 -0.00299138879818
-0.000122011425613 -0.00153251313016
-0.000122011425613 -0.00153251313016
0.000122011425613 8.59946182285e-06
0.000122011425613 8.59946182285e-06
0.00494781864115 0.0223941826331
0.00494781864115 0.0223941826331
-0.00494781864115 -0.0223941826331
-0.00494781864115 -0.0223941826331
2.33182397545e-19 3.98703907951e-20
2.33182397545e-19 3.98703907951e-20
-2.33182397545e-19 -3.98703907951e-20
-2.33182397545e-19 -3.98703907951e-20
7.04109745716e-18 6.18165758189e-18
7.04109745716e-18 6.18165758189e-18
-7.04109745716e-18 -6.18165758189e-18
-7.04109745716e-18 -6.18165758189e-18
8.02877529016e-20 -5.58324019216e-21
-5.13745253665e-19 3.6494472547e-20
7.94979366246e-20 -5.55406373619e-21
9.52148897005e-17 1.3408097506e-16
2.79529777965e-17 1.38449659618e-16
2.7971143181e-17 1.38621475936e-16
-3.05846953111e-18 -1.95227358055e-18
-3.08496196892e-18 -1.9524394238e-18
-3.08496196892e-18 -1.9524394238e-18
-2.01568279858e-15 1.35297594395e-16
-2.01568279858e-15 1.35297594395e-16
3.64661180057e-16 -2.5999725798e-17
-3.09676626803e-18 -1.95284598771e-18
8.85142083241e-18 1.15145976414e-17
-3.09349217609e-18 -1.95284192926e-18
5.39331508974e-17 -7.90309035888e-17
6.22133370033e-17 -7.86664234552e-17
5.37540417863e-17 -7.90643291093e-17
5.24748750989e-17 -7.91881866416e-17
5.4157074103e-17 -7.91791901721e-17
5.40345407485e-17 -7.91791901721e-17
5.43035259122e-17 -7.92597446131e-17
5.43035259122e-17 -7.92597446131e-17
5.43035259122e-17 -7.92597446131e-17
5.42999659248e-17 -7.92940040131e-17
5.42999659248e-17 -7.92940040131e-17
5.42999659248e-17 -7.92940040131e-17
0.085608387933 -4.09907565823e-17
0.085608387933 -4.09907565823e-17
0.085608387933 -4.09907565823e-17
0.0856452902886 -4.09848273517e-17
0.0856452902886 -4.09848273517e-17
0.0856452902886 -4.09848273517e-17
-6.34692178405e-17 4.55513318428e-17
-6.34692178405e-17 4.55513318428e-17
-6.34692178405e-17 4.55513318428e-17
-6.10193408175e-17 4.19691302171e-17
-6.10193408175e-17 4.19691302171e-17
-6.10193408175e-17 4.19691302171e-17
0.0764437024512 -4.04449010082e-17
0.0764437024512 -4.04449010082e-17
0.0764437024512 -4.04449010082e-17
7.98447455331e-20 -5.55187995071e-21
7.98447455331e-20 -5.55187995071e-21
7.98447455331e-20 -5.55187995071e-21
2.81165864515e-17 1.38677394494e-16
2.81165864515e-17 1.38677394494e-16
2.81165864515e-17 1.38677394494e-16
-3.08938866091e-18 -1.95250237273e-18
-3.08938866091e-18 -1.95250237273e-18
-3.08938866091e-18 -1.95250237273e-18
3.6415674102e-16 -2.59578785143e-17
3.6415674102e-16 -2.59578785143e-17
3.6415674102e-16 -2.59578785143e-17
5.42928446994e-17 -7.92705017581e-17
5.42928446994e-17 -7.92705017581e-17
5.42928446994e-17 -7.92705017581e-17
0.0856178669364 -4.19093927083e-17
0.0856178669364 -4.19093927083e-17
0.0856178669364 -4.19093927083e-17
-6.3474082422e-17 4.55394972884e-17
-6.3474082422e-17 4.55394972884e-17
-6.3474082422e-17 4.55394972884e-17
-2.42331279738e-21 -3.49596305744e-20
-2.42331279738e-21 -3.49596305744e-20
-2.44902219766e-21 -3.51121895567e-20
-2.44902219766e-21 -3.51121895567e-20
-2.42331279738e-21 -3.49596305744e-20
-2.42331279738e-21 -3.49596305744e-20
-2.44902219766e-21 -3.51121895567e-20
-2.44902219766e-21 -3.51121895567e-20
1.64867911563e-18 -1.87916676711e-19
1.64867911563e-18 -1.87916676711e-19
-1.64867911563e-18 1.87916676711e-19
-1.64867911563e-18 1.87916676711e-19
2.22991804682e-18 -2.59500290496e-19
2.22991804682e-18 -2.59500290496e-19
-2.22991804682e-18 2.59500290496e-19
-2.22991804682e-18 2.59500290496e-19
-1.11281801082e-21 1.68966172549e-19
-1.11281801082e-21 1.68966172549e-19
1.11281801082e-21 -1.68966172549e-19
1.11281801082e-21 -1.68966172549e-19
-3.70155288094e-17 -4.95146656974e-16
-3.70155288094e-17 -4.95146656974e-16
-3.10593243606e-17 -4.59750583221e-16
-3.10593243606e-17 -4.59750583221e-16
1.08648537979e-20 -2.78482267202e-19
1.08648537979e-20 -2.78482267202e-19
-1.08648537979e-20 2.78482267202e-19
-1.08648537979e-20 2.78482267202e-19
-8.92867591689e-18 -5.88084241384e-18
-8.92867591689e-18 -5.88084241384e-18
4.76511938752e-18 3.03013167851e-18
4.76511938752e-18 3.03013167851e-18
-5.38650313312e-18 -8.07686657748e-18
-5.38650313312e-18 -8.07686657748e-18
1.21927623535e-18 5.2278563402e-18
1.21927623535e-18 5.2278563402e-18
-1.55781618856e-18 1.01687067215e-18
-1.55781618856e-18 1.01687067215e-18
4.63957488598e-19 -1.76618562937e-18
4.63957488598e-19 -1.76618562937e-18
2.21440320034e-18 -3.69672305687e-21
2.21440320034e-18 -3.69672305687e-21
-3.30849829016e-18 -7.45593670251e-19
-3.30849829016e-18 -7.45593670251e-19
-0.000122011425613 -0.00153251313016
-0.000122011425613 -0.00153251313016
0.000122011425613 8.59946182285e-06
0.000122011425613 8.59946182285e-06
0.000352986715555 0.00146714669888
0.000352986715555 0.00146714669888
-0.000352986715555 -0.00299138879818
-0.000352986715555 -0.00299138879818
0.00494781864115 0.0223941826331
0.00494781864115 0.0223941826331
-0.00494781864115 -0.0223941826331
-0.00494781864115 -0.0223941826331
-5.23247843893e-19 2.46160834091e-19
-5.23247843893e-19 2.46160834091e-19
5.23247843893e-19 -2.46160834091e-19
5.23247843893e-19 -2.46160834091e-19
9.99518128469e-18 4.85868236992e-18
9.99518128469e-18 4.85868236992e-18
-9.99518128469e-18 -4.85868236992e-18
-9.99518128469e-18 -4.85868236992e-18
2.51271721394e-20 3.85616571962e-22
-1.5665145943e-19 -3.24489150566e-21
2.40552366642e-20 3.95622936141e-22
4.41795444629e-17 9.30295227178e-17
2.57633541237e-17 9.32763269428e-17
2.59632538992e-17 9.30293109596e-17
8.89045781438e-18 5.38712954454e-19
8.83624770576e-18 5.31936690876e-19
8.83624770576e-18 5.31936690876e-19
1.39071902406e-16 2.17100943151e-18
1.39071902406e-16 2.17100943151e-18
-1.23244643814e-15 -1.53982062993e-17
-6.0525586279e-17 -1.10114283143e-17
8.86335276007e-18 5.45489218032e-19
8.86335276007e-18 5.42101086243e-19
-4.95247008738e-17 9.55693326749e-17
-5.99835611563e-17 9.51197669838e-17
-5.01484863637e-17 9.55666445681e-17
-5.33250883804e-17 9.56989127814e-17
-4.97695657297e-17 9.56463027404e-17
-5.0090074885e-17 9.56463027404e-17
-4.97886236146e-17 9.55888552254e-17
-4.97886236146e-17 9.55888552254e-17
-4.97886236146e-17 9.55888552254e-17
-4.97469067723e-17 9.56176709729e-17
-4.97469067723e-17 9.56176709729e-17
-4.97469067723e-17 9.56176709729e-17
-1.18333009669e-17 -5.19334969501e-17
-1.18333009669e-17 -5.19334969501e-17
-1.18333009669e-17 -5.19334969501e-17
-1.18445054624e-17 -5.19998670981e-17
-1.18445054624e-17 -5.19998670981e-17
-1.18445054624e-17 -5.19998670981e-17
0.115087534562 3.98666909232e-17
0.115087534562 3.98666909232e-17
0.115087534562 3.98666909232e-17
0.10323840734 2.54122594837e-17
0.10323840734 2.54122594837e-17
0.10323840734 2.54122594837e-17
-1.69583035078e-17 -5.2627618735e-17
-1.69583035078e-17 -5.2627618735e-17
-1.69583035078e-17 -5.2627618735e-17
2.49909910986e-20 3.82919907398e-22
2.49909910986e-20 3.82919907398e-22
2.49909910986e-20 3.82919907398e-22
2.59657949981e-17 9.34627800703e-17
2.59657949981e-17 9.34627800703e-17
2.59657949981e-17 9.34627800703e-17
8.83624770576e-18 5.45489218032e-19
8.83624770576e-18 5.45489218032e-19
8.83624770576e-18 5.45489218032e-19
1.38912364212e-16 2.16939814975e-18
1.38912364212e-16 2.16939814975e-18
1.38912364212e-16 2.16939814975e-18
-4.97676681131e-17 9.56031606376e-17
-4.97676681131e-17 9.56031606376e-17
-4.97676681131e-17 9.56031606376e-17
-1.18396806404e-17 -5.19667531666e-17
-1.18396806404e-17 -5.19667531666e-17
-1.18396806404e-17 -5.19667531666e-17
0.115007391431 3.2916249578e-17
0.115007391431 3.2916249578e-17
0.115007391431 3.2916249578e-17
1.69663537093e-22 -1.09428347e-20
1.69663537093e-22 -1.09428347e-20
1.66387503477e-22 -1.09892806412e-20
1.66387503477e-22 -1.09892806412e-20
1.69663537093e-22 -1.09428347e-20
1.69663537093e-22 -1.09428347e-20
1.66387503477e-22 -1.09892806412e-20
1.66387503477e-22 -1.09892806412e-20
4.04352697094e-20 -1.79778126915e-20
4.04352697094e-20 -1.79778126915e-20
-4.04352697094e-20 1.79778126915e-20
-4.04352697094e-20 1.79778126915e-20
5.25409806986e-20 -1.79446303201e-20
5.25409806986e-20 -1.79446303201e-20
-5.25409806986e-20 1.79446303201e-20
-5.25409806986e-20 1.79446303201e-20
-9.83693979615e-21 -8.10241999456e-19
-9.83693979615e-21 -8.10241999456e-19
9.83693979615e-21 8.10241999456e-19
9.83693979615e-21 8.10241999456e-19
2.42605729158e-18 -1.87748959893e-16
2.42605729158e-18 -1.87748959893e-16
3.26074472139e-18 -1.7646602623e-16
3.26074472139e-18 -1.7646602623e-16
-2.24044496265e-20 9.5383978841e-19
-2.24044496265e-20 9.5383978841e-19
2.24044496265e-20 -9.5383978841e-19
2.24044496265e-20 -9.5383978841e-19
3.83144255188e-18 1.50105241508e-18
3.83144255188e-18 1.50105241508e-18
1.19603723303e-18 1.1163873385e-18
1.19603723303e-18 1.1163873385e-18
1.34771113098e-18 1.39907711633e-18
1.34771113098e-18 1.39907711633e-18
3.68214975586e-18 1.21875213374e-18
3.68214975586e-18 1.21875213374e-18
1.88139821024e-18 -2.26315838714e-18
1.88139821024e-18 -2.26315838714e-18
-5.62173300782e-19 2.95009680007e-18
-5.62173300782e-19 2.95009680007e-18
-5.88549065346e-19 2.93192714315e-18
-5.88549065346e-19 2.93192714315e-18
1.90797280346e-18 -2.24527657644e-18
1.90797280346e-18 -2.24527657644e-18
-3.08366478852e-18 1.0520198031e-18
-3.08366478852e-18 1.0520198031e-18
2.15895256248e-18 -8.41330266796e-19
2.15895256248e-18 -8.41330266796e-19
2.16710441365e-18 -7.13053757591e-19
2.16710441365e-18 -7.13053757591e-19
-3.09240733401e-18 9.23843013906e-19
-3.09240733401e-18 9.23843013906e-19
1.14740404134e-18 1.2851003326e-17
1.14740404134e-18 1.2851003326e-17
-1.14740404134e-18 -1.2851003326e-17
-1.14740404134e-18 -1.2851003326e-17
0.000180052783986 0.00361742411464
0.000180052783986 0.00361742411464
-0.000180052783986 -0.00361742411464
-0.000180052783986 -0.00361742411464
-0.00450635648041 -0.0298488045223
-0.00450635648041 -0.0298488045223
0.00450635648041 0.0298488045223
0.00450635648041 0.0298488045223
2.26262343213e-20 3.36864587625e-22
-1.4061047187e-19 -2.92332155807e-21
2.16636392422e-20 3.45850274915e-22
-2.03832549526e-16 -1.17423245742e-15
-2.20514016389e-16 -1.17420249363e-15
-2.21180631319e-16 -1.17423266917e-15
-4.22838847269e-18 3.44234189764e-18
-4.28259858132e-18 3.43895376585e-18
-4.28259858132e-18 3.43895376585e-18
1.14835572917e-16 2.02197908397e-18
1.14835572917e-16 2.02197908397e-18
-1.11678408703e-15 -1.37551278377e-17
-6.65971184449e-17 -6.93211764033e-18
-4.30970363563e-18 3.44911816122e-18
-4.28259858132e-18 3.44911816122e-18
1.05218879952e-16 -2.32139084746e-16
9.58268524717e-17 -2.32542793488e-16
1.04658722315e-16 -2.32141498659e-16
1.02192650718e-16 -2.32767917548e-16
1.05385500182e-16 -2.32815161219e-16
1.05097683851e-16 -2.32815161219e-16
1.05265585498e-16 -2.32464168775e-16
1.05265585498e-16 -2.32464168775e-16
1.05265585498e-16 -2.32464168775e-16
1.05129082567e-16 -2.32504932492e-16
1.05129082567e-16 -2.32504932492e-16
1.05129082567e-16 -2.32504932492e-16
-1.42267293901e-16 -1.96323658236e-17
-1.42267293901e-16 -1.96323658236e-17
-1.42267293901e-16 -1.96323658236e-17
-1.42333799738e-16 -1.95123129195e-17
-1.42333799738e-16 -1.95123129195e-17
-1.42333799738e-16 -1.95123129195e-17
0.10323840734 -1.00648267783e-16
0.10323840734 -1.00648267783e-16
0.10323840734 -1.00648267783e-16
0.126818607961 -1.06360292626e-16
0.126818607961 -1.06360292626e-16
0.126818607961 -1.06360292626e-16
-9.41051393607e-17 -2.25019764844e-17
-9.41051393607e-17 -2.25019764844e-17
-9.41051393607e-17 -2.25019764844e-17
2.25039442553e-20 3.34442970579e-22
2.25039442553e-20 3.34442970579e-22
2.25039442553e-20 3.34442970579e-22
-2.2117809022e-16 -1.17423288093e-15
-2.2117809022e-16 -1.17423288093e-15
-2.2117809022e-16 -1.17423288093e-15
-4.30970363563e-18 3.44573002943e-18
-4.30970363563e-18 3.44573002943e-18
-4.30970363563e-18 3.44573002943e-18
1.14715267835e-16 2.02045875315e-18
1.14715267835e-16 2.02045875315e-18
1.14715267835e-16 2.02045875315e-18
1.05197288114e-16 -2.32484512919e-16
1.05197288114e-16 -2.32484512919e-16
1.05197288114e-16 -2.32484512919e-16
-1.42286194392e-16 -1.95732319439e-17
-1.42286194392e-16 -1.95732319439e-17
-1.42286194392e-16 -1.95732319439e-17
0.103276318032 -1.14549735704e-16
0.103276318032 -1.14549735704e-16
0.103276318032 -1.14549735704e-16
1.48209568315e-22 -9.85394682663e-21
1.48209568315e-22 -9.85394682663e-21
1.45298067136e-22 -9.89553394928e-21
1.45298067136e-22 -9.89553394928e-21
1.48209568315e-22 -9.85394682663e-21
1.48209568315e-22 -9.85394682663e-21
1.45298067136e-22 -9.89553394928e-21
1.45298067136e-22 -9.89553394928e-21
3.25008750348e-20 -1.8309081957e-20
3.25008750348e-20 -1.8309081957e-20
-3.25008750348e-20 1.8309081957e-20
-3.25008750348e-20 1.8309081957e-20
4.18053827586e-20 -1.83674678937e-20
4.18053827586e-20 -1.83674678937e-20
-4.18053827586e-20 1.83674678937e-20
-4.18053827586e-20 1.83674678937e-20
1.1072597203e-20 -8.76344556279e-20
1.1072597203e-20 -8.76344556279e-20
-1.1072597203e-20 8.76344556279e-20
-1.1072597203e-20 8.76344556279e-20
2.344275387e-18 -1.54633799071e-16
2.344275387e-18 -1.54633799071e-16
2.9521266672e-18 -1.46123712481e-16
2.9521266672e-18 -1.46123712481e-16
-4.04021400941e-20 2.03452348615e-19
-4.04021400941e-20 2.03452348615e-19
4.04021400941e-20 -2.03452348615e-19
4.04021400941e-20 -2.03452348615e-19
-1.56836223807e-17 -6.65184265981e-18
-1.56836223807e-17 -6.65184265981e-18
3.46370136636e-18 1.12333072625e-18
3.46370136636e-18 1.12333072625e-18
3.39559331714e-18 1.21344753889e-18
3.39559331714e-18 1.21344753889e-18
-1.5632974747e-17 -6.75177487108e-18
-1.5632974747e-17 -6.75177487108e-18
-2.64283794519e-18 7.29230438259e-18
-2.64283794519e-18 7.29230438259e-18
-5.65307958507e-19 -8.74449821052e-18
-5.65307958507e-19 -8.74449821052e-18
-5.55333818704e-19 -8.73511103775e-18
-5.55333818704e-19 -8.73511103775e-18
-2.65309335464e-18 7.28385908004e-18
-2.65309335464e-18 7.28385908004e-18
4.8758612444e-18 2.04154320894e-18
4.8758612444e-18 2.04154320894e-18
-5.22479106454e-18 4.90982836871e-19
-5.22479106454e-18 4.90982836871e-19
-5.73885471442e-18 -1.81918542443e-18
-5.73885471442e-18 -1.81918542443e-18
5.39099336514e-18 4.35230337219e-18
5.39099336514e-18 4.35230337219e-18
-3.3134130401e-17 -1.16030669683e-16
-3.3134130401e-17 -1.16030669683e-16
3.3134130401e-17 1.16030669683e-16
3.3134130401e-17 1.16030669683e-16
-8.51716860559e-05 -0.00171117660167
-8.51716860559e-05 -0.00171117660167
8.51716860559e-05 0.00171117660167
8.51716860559e-05 0.00171117660167
0.00901436776252 0.0597085699734
0.00901436776252 0.0597085699734
-0.00901436776252 -0.0597085699734
-0.00901436776252 -0.0597085699734
7.1692660515e-20 -4.98553427032e-21
-4.58746978601e-19 3.25876081437e-20
7.09873969078e-20 -4.95948125881e-21
2.563044761e-16 6.41141715535e-16
1.96243193508e-16 6.45042716716e-16
1.96259414223e-16 6.45196139481e-16
6.02366670809e-18 -2.75016276008e-18
6.00001038078e-18 -2.75031084934e-18
6.00001038078e-18 -2.75031084934e-18
-1.88022265138e-15 1.25642032529e-16
-1.88022265138e-15 1.25642032529e-16
2.45296952812e-16 -1.83878300666e-17
5.98910826108e-18 -2.76347877911e-18
1.66581990079e-17 9.2622266269e-18
5.99203184997e-18 -2.76347515494e-18
-8.32424999542e-17 1.5017913846e-16
-7.58487375181e-17 1.50504599686e-16
-8.34024347914e-17 1.50149291261e-16
-8.46892506051e-17 1.5029660138e-16
-8.31871370478e-17 1.50304634745e-16
-8.32965527665e-17 1.50304634745e-16
-8.32100300166e-17 1.50260638401e-16
-8.32100300166e-17 1.50260638401e-16
-8.32100300166e-17 1.50260638401e-16
-8.32134099232e-17 1.50223067223e-16
-8.32134099232e-17 1.50223067223e-16
-8.32134099232e-17 1.50223067223e-16
0.0764437024512 -2.30930164053e-17
0.0764437024512 -2.30930164053e-17
0.0764437024512 -2.30930164053e-17
0.0764437024512 -2.30939964231e-17
0.0764437024512 -2.30939964231e-17
0.0764437024512 -2.30939964231e-17
9.0583804527e-17 7.43587891207e-17
9.0583804527e-17 7.43587891207e-17
9.0583804527e-17 7.43587891207e-17
1.13971340017e-16 6.91784863243e-17
1.13971340017e-16 6.91784863243e-17
1.13971340017e-16 6.91784863243e-17
0.103977613895 -1.84314369762e-17
0.103977613895 -1.84314369762e-17
0.103977613895 -1.84314369762e-17
7.12970786768e-20 -4.95753125539e-21
7.12970786768e-20 -4.95753125539e-21
7.12970786768e-20 -4.95753125539e-21
1.9638747421e-16 6.45200037377e-16
1.9638747421e-16 6.45200037377e-16
1.9638747421e-16 6.45200037377e-16
5.99352492228e-18 -2.75641646129e-18
5.99352492228e-18 -2.75641646129e-18
5.99352492228e-18 -2.75641646129e-18
2.44871689743e-16 -1.8359760094e-17
2.44871689743e-16 -1.8359760094e-17
2.44871689743e-16 -1.8359760094e-17
-8.32111014514e-17 1.50241697732e-16
-8.32111014514e-17 1.50241697732e-16
-8.32111014514e-17 1.50241697732e-16
0.0764521666933 -2.29308759978e-17
0.0764521666933 -2.29308759978e-17
0.0764521666933 -2.29308759978e-17
9.06164922903e-17 7.43490667359e-17
9.06164922903e-17 7.43490667359e-17
9.06164922903e-17 7.43490667359e-17
-2.16388845603e-21 -3.12170765269e-20
-2.16388845603e-21 -3.12170765269e-20
-2.18684557264e-21 -3.1353303522e-20
-2.18684557264e-21 -3.1353303522e-20
-2.16388845603e-21 -3.12170765269e-20
-2.16388845603e-21 -3.12170765269e-20
-2.18684557264e-21 -3.1353303522e-20
-2.18684557264e-21 -3.1353303522e-20
-6.69547681785e-20 -9.68669128997e-20
-6.69547681785e-20 -9.68669128997e-20
6.69547681785e-20 9.68669128997e-20
6.69547681785e-20 9.68669128997e-20
-9.08932988862e-20 -1.30838596816e-19
-9.08932988862e-20 -1.30838596816e-19
9.08932988862e-20 1.30838596816e-19
9.08932988862e-20 1.30838596816e-19
-2.31135571582e-19 2.49300952307e-19
-2.31135571582e-19 2.49300952307e-19
2.31135571582e-19 -2.49300952307e-19
2.31135571582e-19 -2.49300952307e-19
-2.6329306636e-17 -3.36051089098e-16
-2.6329306636e-17 -3.36051089098e-16
-2.18173859924e-17 -3.06167866377e-16
-2.18173859924e-17 -3.06167866377e-16
2.65229594184e-19 -1.6866819756e-19
2.65229594184e-19 -1.6866819756e-19
-2.65229594184e-19 1.6866819756e-19
-2.65229594184e-19 1.6866819756e-19
6.22633053918e-18 5.10180476699e-18
6.22633053918e-18 5.10180476699e-18
1.6745324601e-18 -7.27974592646e-19
1.6745324601e-18 -7.27974592646e-19
1.97873865368e-18 9.60053702479e-20
1.97873865368e-18 9.60053702479e-20
5.92562989048e-18 4.28314593568e-18
5.92562989048e-18 4.28314593568e-18
-1.06512086106e-18 1.03795850191e-18
-1.06512086106e-18 1.03795850191e-18
3.13858698039e-18 1.10347305218e-19
3.13858698039e-18 1.10347305218e-19
3.08126589168e-18 -2.25558122492e-20
3.08126589168e-18 -2.25558122492e-20
-1.00805901348e-18 1.17088494074e-18
-1.00805901348e-18 1.17088494074e-18
-0.000108949664167 -0.00136845209393
-0.000108949664167 -0.00136845209393
0.000108949664167 7.6788585406e-06
0.000108949664167 7.6788585406e-06
-0.000108949664167 -0.00136845209393
-0.000108949664167 -0.00136845209393
0.000108949664167 7.67885854061e-06
0.000108949664167 7.67885854061e-06
-0.0148450489406 -0.0671897580094
-0.0148450489406 -0.0671897580094
0.0148450489406 0.0671897580094
0.0148450489406 0.0671897580094
-5.1227737168e-19 -1.45358633233e-18
-5.1227737168e-19 -1.45358633233e-18
5.1227737168e-19 1.45358633233e-18
5.1227737168e-19 1.45358633233e-18
2.20563568932e-17 5.72533534517e-17
2.20563568932e-17 5.72533534517e-17
-2.20563568932e-17 -5.72533534517e-17
-2.20563568932e-17 -5.72533534517e-17
0.132619461621 -7.03012526613e-16
0.132619461621 -1.23482921751e-18
0.132619461621 -1.31590832666e-18
6.31734131785e-19 -6.31447192898e-21
4.73800598839e-19 -1.37363758327e-21
4.73800598839e-19 -1.61789493154e-20
3.15867065893e-19 -1.03599900481e-20
3.15867065893e-19 6.85979248375e-20
3.15867065893e-19 6.85979248375e-20
4.93542290457e-21 -9.73873527203e-27
4.93542290457e-21 -9.73873527203e-27
4.93542290457e-21 -3.23153409478e-26
-4.93542290457e-21 -2.51482335949e-22
-2.46771145229e-21 5.65826859944e-23
-2.40083647193e-17 -1.73099721544e-23
-4.93542290457e-21 -2.97013016955e-22
-4.93542290457e-21 -2.97013016955e-22
-4.93542290457e-21 -2.97013016955e-22
-4.93542290457e-21 -1.69585027288e-22
-4.93542290457e-21 -1.69585027288e-22
-4.93542290457e-21 -1.69585027288e-22
-1.23385572614e-21 3.07408972751e-22
-1.23385572614e-21 3.07408972751e-22
-1.23385572614e-21 3.07408972751e-22
-1.23385572614e-21 3.07408972751e-22
-1.23385572614e-21 3.07408972751e-22
-1.23385572614e-21 3.07408972751e-22
1.9278995721e-23 5.34890758643e-25
1.9278995721e-23 5.34890758643e-25
1.9278995721e-23 5.34890758643e-25
1.9278995721e-23 5.34890758643e-25
1.9278995721e-23 5.34890758643e-25
1.9278995721e-23 5.34890758643e-25
3.8557991442e-23 9.73747904131e-25
3.8557991442e-23 9.73747904131e-25
3.8557991442e-23 9.73747904131e-25
-6.16927863071e-22 -4.32495530629e-23
-6.16927863071e-22 -4.32495530629e-23
-6.16927863071e-22 -4.32495530629e-23
-9.72346137166e-63 1.39650251364e-23
-9.72346137166e-63 1.39650251364e-23
-9.72346137166e-63 1.39650251364e-23
0.132619740003 -9.62964972194e-35
0.132619740003 -9.62964972194e-35
0.132619740003 -9.62964972194e-35
0.0 0.0
0.0 0.0
0.0 0.0
0.0 0.0
0.0 0.0
0.0 0.0
0.0 0.0
0.0 0.0
0.0 0.0
0.0 0.0
0.0 0.0
0.0 0.0
0.0 0.0
0.0 0.0
0.0 0.0
0.0 0.0
0.0 0.0
0.0 0.0
-1.25115159924e-05 -0.0583247906774
-1.25115159924e-05 -0.0583247906774
1.25115159924e-05 -0.0580621709952
1.25115159924e-05 -0.0580621709952
-1.25115159924e-05 -0.0583247906774
-1.25115159924e-05 -0.0583247906774
1.25115159924e-05 -0.0580621709952
1.25115159924e-05 -0.0580621709952
7.89667664732e-20 1.01077461086e-17
7.89667664732e-20 1.01077461086e-17
-7.89667664732e-20 -1.01077461086e-17
-7.89667664732e-20 -1.01077461086e-17
2.36900299419e-19 2.02154922171e-17
2.36900299419e-19 2.02154922171e-17
-2.36900299419e-19 -2.02154922171e-17
-2.36900299419e-19 -2.02154922171e-17
7.89667664732e-20 1.01077461086e-17
7.89667664732e-20 1.01077461086e-17
-7.89667664732e-20 -1.01077461086e-17
-7.89667664732e-20 -1.01077461086e-17
0.0 0.0
0.0 0.0
-8.35238971904e-53 -7.89667664732e-20
-8.35238971904e-53 -7.89667664732e-20
0.0 0.0
0.0 0.0
0.0 0.0
0.0 0.0
-9.87084580914e-21 -1.57933532946e-19
-9.87084580914e-21 -1.57933532946e-19
9.87084580914e-21 7.89667664732e-20
9.87084580914e-21 7.89667664732e-20
-1.97416916183e-20 2.08809742976e-53
-1.97416916183e-20 2.08809742976e-53
1.97416916183e-20 -2.08809742976e-53
1.97416916183e-20 -2.08809742976e-53
-1.97416916183e-20 2.08809742976e-53
-1.97416916183e-20 2.08809742976e-53
1.97416916183e-20 1.57933532946e-19
1.97416916183e-20 1.57933532946e-19
-1.97416916183e-20 2.08809742976e-53
-1.97416916183e-20 2.08809742976e-53
1.97416916183e-20 1.57933532946e-19
1.97416916183e-20 1.57933532946e-19
1.54231965768e-22 1.23385572614e-21
1.54231965768e-22 1.23385572614e-21
-1.54231965768e-22 -1.23385572614e-21
-1.54231965768e-22 -1.23385572614e-21
1.54231965768e-22 1.23385572614e-21
1.54231965768e-22 1.23385572614e-21
-1.54231965768e-22 -1.23385572614e-21
-1.54231965768e-22 -1.23385572614e-21
0.0 0.0
0.0 0.0
0.0 0.0
0.0 0.0
0.0 0.0
0.0 0.0
0.0 0.0
0.0 0.0
-1.54231965768e-22 1.631326117e-55
-1.54231965768e-22 1.631326117e-55
1.54231965768e-22 -1.631326117e-55
1.54231965768e-22 -1.631326117e-55
4.06479003805e-16 -8.81948310327e-19
-2.64920587971e-15 5.77140020554e-18
4.04138514288e-16 -8.69817704177e-19
0.166646926748 4.71565255739e-16
0.166646926748 4.67072760565e-16
0.166646926748 4.71809201052e-16
4.11129463807e-16 -1.51788304148e-18
4.10262102069e-16 -1.62630325873e-18
4.10262102069e-16 -1.62630325873e-18
1.73625730529e-16 1.13221492494e-17
1.73625730529e-16 1.13221492494e-17
1.73979850444e-16 1.1410678903e-17
4.11996825544e-16 -1.30104260698e-18
4.11996825544e-16 -1.62630325873e-18
4.12864187282e-16 -1.51788304148e-18
1.40018843805e-16 5.62615028264e-17
1.29395246332e-16 5.62615028265e-17
1.29395246332e-16 5.62615028264e-17
1.27216232496e-16 5.88659162776e-17
1.27216232496e-16 5.88659162776e-17
1.27216232496e-16 5.88659162776e-17
1.28288309029e-16 5.75966283586e-17
1.28288309029e-16 5.75966283586e-17
1.28288309029e-16 5.75966283586e-17
1.28274624465e-16 5.76030417413e-17
1.28274624465e-16 5.76030417413e-17
1.28274624465e-16 5.76030417413e-17
7.61235687459e-17 3.0355519202e-17
7.61235687459e-17 3.0355519202e-17
7.61235687459e-17 3.0355519202e-17
7.61539858807e-17 3.05262040151e-17
7.61539858807e-17 3.05262040151e-17
7.61539858807e-17 3.05262040151e-17
5.01850080589e-17 -3.26503354958e-16
5.01850080589e-17 -3.26503354958e-16
5.01850080589e-17 -3.26503354958e-16
4.76532265796e-17 -3.25547690036e-16
4.76532265796e-17 -3.25547690036e-16
4.76532265796e-17 -3.25547690036e-16
7.85484772585e-17 3.18494674494e-17
7.85484772585e-17 3.18494674494e-17
7.85484772585e-17 3.18494674494e-17
4.04244019516e-16 -8.70189583909e-19
4.04244019516e-16 -8.70189583909e-19
4.04244019516e-16 -8.70189583909e-19
0.166686406585 4.71824865805e-16
0.166686406585 4.71824865805e-16
0.166686406585 4.71824865805e-16
4.11996825544e-16 -1.5720931501e-18
4.11996825544e-16 -1.5720931501e-18
4.11996825544e-16 -1.5720931501e-18
1.73832925593e-16 1.1431357793e-17
1.73832925593e-16 1.1431357793e-17
1.73832925593e-16 1.1431357793e-17
1.28291725731e-16 5.75987989071e-17
1.28291725731e-16 5.75987989071e-17
1.28291725731e-16 5.75987989071e-17
7.61367614946e-17 3.04371588765e-17
7.61367614946e-17 3.04371588765e-17
7.61367614946e-17 3.04371588765e-17
4.93184933539e-17 -3.26936929948e-16
4.93184933539e-17 -3.26936929948e-16
4.93184933539e-17 -3.26936929948e-16
-3.45945761864e-19 -1.76959175016e-16
-3.45945761864e-19 -1.76959175016e-16
-4.24136768596e-19 -1.77761198944e-16
-4.24136768596e-19 -1.77761198944e-16
-3.45945761864e-19 -1.76959175016e-16
-3.45945761864e-19 -1.76959175016e-16
-4.24136768596e-19 -1.77761198944e-16
-4.24136768596e-19 -1.77761198944e-16
-8.83168441628e-06 -0.00132033682023
-8.83168441628e-06 -0.00132033682023
8.83168441628e-06 0.00132033682023
8.83168441628e-06 0.00132033682023
-1.61653545959e-05 -0.00178627168285
-1.61653545959e-05 -0.00178627168285
1.61653545959e-05 0.00178627168285
1.61653545959e-05 0.00178627168285
-6.09883399143e-19 -1.01652314114e-17
-6.09883399143e-19 -1.01652314114e-17
6.09883399143e-19 1.01652314114e-17
6.09883399143e-19 1.01652314114e-17
1.33539278524e-17 -2.42895409682e-16
1.33539278524e-17 -2.42895409682e-16
1.51543619447e-17 -2.23676758874e-16
1.51543619447e-17 -2.23676758874e-16
-5.68506814071e-19 1.68656797152e-17
-5.68506814071e-19 1.68656797152e-17
5.68506814071e-19 -1.68656797152e-17
5.68506814071e-19 -1.68656797152e-17
4.2024785694e-17 3.51601900724e-17
4.2024785694e-17 3.51601900724e-17
-3.90295294078e-17 -4.19280440839e-17
-3.90295294078e-17 -4.19280440839e-17
-3.60889339531e-17 -2.81555460577e-17
-3.60889339531e-17 -2.81555460577e-17
3.91519615588e-17 2.14361783506e-17
3.91519615588e-17 2.14361783506e-17
5.78198855089e-19 -1.30852751097e-18
5.78198855089e-19 -1.30852751097e-18
2.16649944035e-19 -4.63097055873e-19
2.16649944035e-19 -4.63097055873e-19
-3.88460054226e-19 -2.72469886717e-18
-3.88460054226e-19 -2.72469886717e-18
1.18335310569e-18 9.53168723819e-19
1.18335310569e-18 9.53168723819e-19
6.69645809411e-18 -2.74793782055e-18
6.69645809411e-18 -2.74793782055e-18
-6.15539973803e-18 1.39279625899e-18
-6.15539973803e-18 1.39279625899e-18
-6.78637470542e-18 1.92157505954e-18
-6.78637470542e-18 1.92157505954e-18
7.32895215632e-18 -3.27698733358e-18
7.32895215632e-18 -3.27698733358e-18
2.19401850171e-18 -6.60954736802e-18
2.19401850171e-18 -6.60954736802e-18
-2.19401850171e-18 6.60954736802e-18
-2.19401850171e-18 6.60954736802e-18
1.66213337419e-19 -7.58164303811e-20
1.66213337419e-19 -7.58164303811e-20
-1.66213337419e-19 7.58164303811e-20
-1.66213337419e-19 7.58164303811e-20
-2.76152785854e-18 1.57024152116e-18
-2.76152785854e-18 1.57024152116e-18
2.76152785854e-18 -1.57024152116e-18
2.76152785854e-18 -1.57024152116e-18
-6.97873453169e-17 -1.71577033231e-18
-4.46868454974e-17 -1.80389031087e-18
2.52973330045e-16 1.21857585314e-17
-1.73472347598e-18 3.25260651746e-19
-2.4476948246e-15 -9.21571846613e-19
-8.67361737988e-19 3.25260651746e-19
0.111092484281 1.9185069603e-17
0.111092484281 2.0486464591e-17
0.111092484281 2.0486464591e-17
3.12609455307e-16 1.25022299331e-16
3.12609455307e-16 1.25022299331e-16
3.12609871035e-16 1.25022373361e-16
0.111091167695 1.70041136262e-17
0.111091167695 1.91878770611e-17
0.111091167695 1.91846527107e-17
-1.19591288611e-15 -1.56963504028e-16
-1.23762576774e-15 -1.56962367569e-16
-1.19774618352e-15 -1.56962367569e-16
-1.1925224944e-15 -1.57870214413e-16
-1.1925224944e-15 -1.57870214413e-16
-1.1925224944e-15 -1.57870214413e-16
-1.19557005888e-15 -1.57150300416e-16
-1.19557005888e-15 -1.57150300416e-16
-1.19557005888e-15 -1.57150300416e-16
-1.19567016757e-15 -1.57151756059e-16
-1.19567016757e-15 -1.57151756059e-16
-1.19567016757e-15 -1.57151756059e-16
-7.71434501998e-17 -4.0386898253e-17
-7.71434501998e-17 -4.0386898253e-17
-7.71434501998e-17 -4.0386898253e-17
-7.70896071825e-17 -4.03337798343e-17
-7.70896071825e-17 -4.03337798343e-17
-7.70896071825e-17 -4.03337798343e-17
2.38524477947e-18 3.72694496792e-19
2.38524477947e-18 3.72694496792e-19
2.38524477947e-18 3.72694496792e-19
5.5836411883e-18 -8.47032947254e-20
5.5836411883e-18 -8.47032947254e-20
5.5836411883e-18 -8.47032947254e-20
-6.50773862032e-17 -3.57611767851e-17
-6.50773862032e-17 -3.57611767851e-17
-6.50773862032e-17 -3.57611767851e-17
-7.40267608209e-17 -1.84680731516e-18
-7.40267608209e-17 -1.84680731516e-18
-7.40267608209e-17 -1.84680731516e-18
-3.46944695195e-18 6.50521303491e-19
-3.46944695195e-18 6.50521303491e-19
-3.46944695195e-18 6.50521303491e-19
0.111149681357 1.96186954712e-17
0.111149681357 1.96186954712e-17
0.111149681357 1.96186954712e-17
3.10933590101e-16 1.24875461389e-16
3.10933590101e-16 1.24875461389e-16
3.10933590101e-16 1.24875461389e-16
-1.19547670163e-15 -1.57166061316e-16
-1.19547670163e-15 -1.57166061316e-16
-1.19547670163e-15 -1.57166061316e-16
-7.72946053401e-17 -4.04522858833e-17
-7.72946053401e-17 -4.04522858833e-17
-7.72946053401e-17 -4.04522858833e-17
2.4665599424e-18 3.65918233214e-19
2.4665599424e-18 3.65918233214e-19
2.4665599424e-18 3.65918233214e-19
-8.68079556288e-19 3.09299853574e-17
-8.68079556288e-19 3.09299853574e-17
-8.67618798283e-19 3.09745531648e-17
-8.67618798283e-19 3.09745531648e-17
-8.68079556288e-19 3.09299853574e-17
-8.68079556288e-19 3.09299853574e-17
-8.67618798283e-19 3.09745531648e-17
-8.67618798283e-19 3.09745531648e-17
9.97614929933e-18 3.02309509842e-18
9.97614929933e-18 3.02309509842e-18
-9.97614929933e-18 -3.02309509842e-18
-9.97614929933e-18 -3.02309509842e-18
1.35100732692e-17 -1.57958694268e-19
1.35100732692e-17 -1.57958694268e-19
-1.35100732692e-17 1.57958694268e-19
-1.35100732692e-17 1.57958694268e-19
-1.66638726421e-05 -0.00218296731612
-1.66638726421e-05 -0.00218296731612
1.66638726421e-05 0.00218296731612
1.66638726421e-05 0.00218296731612
1.63914822464e-16 -4.68118330267e-16
1.63914822464e-16 -4.68118330267e-16
1.63501513953e-16 -3.48830564162e-16
1.63501513953e-16 -3.48830564162e-16
-1.66636751543e-05 -0.00220793695794
-1.66636751543e-05 -0.00220793695794
1.66636751543e-05 0.00220793695794
1.66636751543e-05 0.00220793695794
-1.70453662154e-17 -2.89817963042e-17
-1.70453662154e-17 -2.89817963042e-17
8.78391446044e-18 9.19426121644e-17
8.78391446044e-18 9.19426121644e-17
2.372923264e-17 1.02297086821e-16
2.372923264e-17 1.02297086821e-16
-3.20146749865e-17 -3.94774975837e-17
-3.20146749865e-17 -3.94774975837e-17
-1.36075321766e-18 4.92805507691e-18
-1.36075321766e-18 4.92805507691e-18
-8.08064114342e-19 2.31570572323e-18
-8.08064114342e-19 2.31570572323e-18
-3.0148865925e-18 -6.30991818424e-18
-3.0148865925e-18 -6.30991818424e-18
8.46059216558e-19 1.35543697343e-17
8.46059216558e-19 1.35543697343e-17
-3.729455609e-18 1.38167340102e-17
-3.729455609e-18 1.38167340102e-17
3.00998667225e-18 -1.24424891209e-17
3.00998667225e-18 -1.24424891209e-17
-7.35420668294e-18 1.88771666963e-17
-7.35420668294e-18 1.88771666963e-17
6.63521050012e-18 -1.75034010099e-17
6.63521050012e-18 -1.75034010099e-17
7.35589591474e-18 -2.10581178943e-17
7.35589591474e-18 -2.10581178943e-17
-7.35589591474e-18 2.10581178943e-17
-7.35589591474e-18 2.10581178943e-17
-1.89697170302e-20 -2.55040343122e-19
-1.89697170302e-20 -2.55040343122e-19
1.89697170302e-20 2.55040343122e-19
1.89697170302e-20 2.55040343122e-19
1.5320355682e-18 2.2378165293e-18
1.5320355682e-18 2.2378165293e-18
-1.5320355682e-18 -2.2378165293e-18
-1.5320355682e-18 -2.2378165293e-18
-1.27538022e-18 -2.87057811255e-20
8.15243081143e-18 1.88126678459e-19
-1.26835600191e-18 -2.85442294695e-20
-8.49964032603e-16 -1.17998319475e-17
2.10525886772e-16 1.25996873722e-17
2.10760152282e-16 1.26138891107e-17
-7.89050296883e-19 -2.1675468524e-18
-7.89050296882e-19 -2.1675468524e-18
-7.89050296882e-19 -2.1675468524e-18
0.077671535672 1.43093510944e-17
0.077671535672 1.43093510944e-17
0.077671535672 1.279062102e-17
-8.05177914678e-19 -2.12270578496e-18
-8.05177914678e-19 -2.12270578496e-18
-8.28423461904e-19 -2.12944560019e-18
3.29882511624e-17 3.51614808888e-17
4.88584711668e-17 3.59386150699e-17
5.19954923157e-17 3.5937669654e-17
4.95956312955e-17 3.64242814507e-17
4.95956312955e-17 3.64242814507e-17
4.95956312955e-17 3.64242814507e-17
4.91972346018e-17 3.61718079291e-17
4.91972346018e-17 3.61718079291e-17
4.91972346018e-17 3.61718079291e-17
4.91924975724e-17 3.61442330663e-17
4.91924975724e-17 3.61442330663e-17
4.91924975724e-17 3.61442330663e-17
5.46980122225e-16 2.35679043769e-16
5.46980122225e-16 2.35679043769e-16
5.46980122225e-16 2.35679043769e-16
5.46601768112e-16 2.35623706336e-16
5.46601768112e-16 2.35623706336e-16
5.46601768112e-16 2.35623706336e-16
4.19932609823e-16 -7.0019536224e-17
4.19932609823e-16 -7.0019536224e-17
4.19932609823e-16 -7.0019536224e-17
3.85335851635e-16 -6.79618960277e-17
3.85335851635e-16 -6.79618960277e-17
3.85335851635e-16 -6.79618960277e-17
4.91485599277e-16 2.0413366429e-16
4.91485599277e-16 2.0413366429e-16
4.91485599277e-16 2.0413366429e-16
-1.26835342308e-18 -2.85441688422e-20
-1.26835342308e-18 -2.85441688422e-20
-1.26835342308e-18 -2.85441688422e-20
2.10493429574e-16 1.25838277408e-17
2.10493429574e-16 1.25838277408e-17
2.10493429574e-16 1.25838277408e-17
-7.99894585893e-19 -2.14596916811e-18
-7.99894585893e-19 -2.14596916811e-18
-7.99894585893e-19 -2.14596916811e-18
0.0777709387304 1.36607356151e-17
0.0777709387304 1.36607356151e-17
0.0777709387304 1.36607356151e-17
4.91931805859e-17 3.61652437436e-17
4.91931805859e-17 3.61652437436e-17
4.91931805859e-17 3.61652437436e-17
5.46765656623e-16 2.35639335691e-16
5.46765656623e-16 2.35639335691e-16
5.46765656623e-16 2.35639335691e-16
4.1996336404e-16 -7.00134073626e-17
4.1996336404e-16 -7.00134073626e-17
4.1996336404e-16 -7.00134073626e-17
-1.26124998162e-20 5.5533491204e-19
-1.26124998162e-20 5.5533491204e-19
-1.24378893629e-20 5.57773183645e-19
-1.24378893629e-20 5.57773183645e-19
-1.26124998162e-20 5.5533491204e-19
-1.26124998162e-20 5.5533491204e-19
-1.24378893629e-20 5.57773183645e-19
-1.24378893629e-20 5.57773183645e-19
-5.20221022093e-19 1.07870605878e-18
-5.20221022093e-19 1.07870605878e-18
5.20221022093e-19 -1.07870605878e-18
5.20221022093e-19 -1.07870605878e-18
-7.00368259961e-19 1.46105613597e-18
-7.00368259961e-19 1.46105613597e-18
7.00368259961e-19 -1.46105613597e-18
7.00368259961e-19 -1.46105613597e-18
8.26687137686e-19 4.07593571887e-19
8.26687137686e-19 4.07593571887e-19
-8.26687137686e-19 -4.07593571887e-19
-8.26687137686e-19 -4.07593571887e-19
0.000295503606484 -0.098318335004
0.000295503606484 -0.098318335004
-0.000295503606483 -0.105342394958
-0.000295503606483 -0.105342394958
-8.79318115208e-19 -1.92734534386e-19
-8.79318115208e-19 -1.92734534386e-19
8.79318115208e-19 1.92734534386e-19
8.79318115208e-19 1.92734534386e-19
5.96767198462e-18 -1.11164053106e-17
5.96767198462e-18 -1.11164053106e-17
-4.07136536226e-18 8.53771980792e-18
-4.07136536226e-18 8.53771980792e-18
-4.69901252987e-18 1.03793570607e-17
-4.69901252987e-18 1.03793570607e-17
6.60811704247e-18 -1.29775028132e-17
6.60811704247e-18 -1.29775028132e-17
-4.12019934053e-19 2.33743633656e-19
-4.12019934053e-19 2.33743633656e-19
9.11145590595e-19 -9.12637498452e-19
9.11145590595e-19 -9.12637498452e-19
2.59020739799e-18 -7.97308533547e-19
2.59020739799e-18 -7.97308533547e-19
-2.091272008e-18 1.18447354253e-19
-2.091272008e-18 1.18447354253e-19
1.35780753936e-18 8.08239400248e-18
1.35780753936e-18 8.08239400248e-18
2.83687061797e-18 -1.78161932401e-17
2.83687061797e-18 -1.78161932401e-17
9.85906482607e-19 -2.33849417686e-17
9.85906482607e-19 -2.33849417686e-17
3.20827917156e-18 1.36545098826e-17
3.20827917156e-18 1.36545098826e-17
-4.70918154793e-17 1.51930570972e-16
-4.70918154793e-17 1.51930570972e-16
4.70918154793e-17 -1.51930570972e-16
4.70918154793e-17 -1.51930570972e-16
2.3659927886e-19 -1.39133044581e-18
2.3659927886e-19 -1.39133044581e-18
-2.3659927886e-19 1.39133044581e-18
-2.3659927886e-19 1.39133044581e-18
-1.84620077713e-17 -8.70376745865e-17
-1.84620077713e-17 -8.70376745865e-17
1.84620077713e-17 8.70376745865e-17
1.84620077713e-17 8.70376745865e-17
-9.79139899786e-19 -7.25980074926e-19
7.56555827298e-18 -4.82993857237e-19
-4.92278402382e-18 4.45525894313e-18
2.08053853433e-16 -7.75732079486e-18
2.02900397922e-16 -8.53678639439e-18
-6.76774974931e-16 -3.61322356682e-17
-9.26938013479e-16 3.26159047525e-18
5.5156526161e-16 -1.52387829781e-16
5.5156526161e-16 -1.52387829781e-16
1.53348996635e-17 1.84613500982e-17
1.53348996635e-17 1.84613500982e-17
1.63853605919e-17 1.85104901342e-17
-4.45809254755e-17 3.2361831126e-17
-4.66728334773e-17 3.24685479461e-17
-4.82694818583e-17 3.14714627184e-17
0.0666011468762 3.11710967756e-17
0.0666011468762 2.42319514086e-17
0.0666011468762 2.7705031338e-17
0.0666011468762 3.11571939918e-17
0.0666011468762 3.11572006093e-17
0.0666011468762 3.11572006093e-17
0.0666652607875 2.77677012537e-17
0.0666652607875 2.77677012537e-17
0.0666652607875 2.77677012537e-17
0.0666652607875 2.77705550329e-17
0.0666652607875 2.77705550329e-17
0.0666652607875 2.77705550329e-17
7.86175688206e-17 1.2850317654e-16
7.86175688206e-17 1.2850317654e-16
7.86175688206e-17 1.2850317654e-16
7.86155172369e-17 1.28484090424e-16
7.86155172369e-17 1.28484090424e-16
7.86155172369e-17 1.28484090424e-16
1.03255078882e-17 4.42864170957e-17
1.03255078882e-17 4.42864170957e-17
1.03255078882e-17 4.42864170957e-17
1.161002848e-17 4.42139176456e-17
1.161002848e-17 4.42139176456e-17
1.161002848e-17 4.42139176456e-17
8.03406856821e-17 1.30354665693e-16
8.03406856821e-17 1.30354665693e-16
8.03406856821e-17 1.30354665693e-16
-8.31069202625e-21 -7.39648298459e-19
-8.31069202625e-21 -7.39648298459e-19
-8.31069202625e-21 -7.39648298459e-19
2.05161640567e-16 -8.51493124938e-18
2.05161640567e-16 -8.51493124938e-18
2.05161640567e-16 -8.51493124938e-18
-4.61252872926e-17 3.15441056074e-17
-4.61252872926e-17 3.15441056074e-17
-4.61252872926e-17 3.15441056074e-17
1.73653424553e-17 1.85040598016e-17
1.73653424553e-17 1.85040598016e-17
1.73653424553e-17 1.85040598016e-17
0.066669144967 3.47075985307e-17
0.066669144967 3.47075985307e-17
0.066669144967 3.47075985307e-17
7.86437541763e-17 1.2849566667e-16
7.86437541763e-17 1.2849566667e-16
7.86437541763e-17 1.2849566667e-16
1.03532416151e-17 4.42889821066e-17
1.03532416151e-17 4.42889821066e-17
1.03532416151e-17 4.42889821066e-17
-2.92024430546e-19 4.39496562243e-19
-2.92024430546e-19 4.39496562243e-19
-2.93415024005e-19 4.40101669171e-19
-2.93415024005e-19 4.40101669171e-19
-2.92024430546e-19 4.39496562243e-19
-2.92024430546e-19 4.39496562243e-19
-2.93415024005e-19 4.40101669171e-19
-2.93415024005e-19 4.40101669171e-19
3.59396028291e-19 2.08755327466e-18
3.59396028291e-19 2.08755327466e-18
-3.59396028291e-19 -2.08755327466e-18
-3.59396028291e-19 -2.08755327466e-18
4.90262013872e-19 1.46352508213e-18
4.90262013872e-19 1.46352508213e-18
-4.90262013872e-19 -1.46352508213e-18
-4.90262013872e-19 -1.46352508213e-18
-1.23202738149e-18 -1.99555511905e-18
-1.23202738149e-18 -1.99555511905e-18
1.23202738149e-18 1.99555511905e-18
1.23202738149e-18 1.99555511905e-18
2.55290979028e-17 -2.40037305514e-17
2.55290979028e-17 -2.40037305514e-17
2.34893224155e-17 -2.45017959938e-17
2.34893224155e-17 -2.45017959938e-17
5.21832480055e-19 7.67988038199e-19
5.21832480055e-19 7.67988038199e-19
-5.21832480055e-19 -7.67988038199e-19
-5.21832480055e-19 -7.67988038199e-19
-0.000222598096022 -0.00358241697507
-0.000222598096022 -0.00358241697507
0.000222598096022 7.74082995947e-05
0.000222598096022 7.74082995947e-05
-0.000222598096022 -0.00358241697507
-0.000222598096022 -0.00358241697507
0.000222598096022 7.74082995947e-05
0.000222598096022 7.74082995947e-05
-7.05049833197e-05 -0.000895021047577
-7.05049833197e-05 -0.000895021047577
7.05049833197e-05 -2.498635213e-05
7.05049833197e-05 -2.498635213e-05
-7.05049833197e-05 -0.000895021047577
-7.05049833197e-05 -0.000895021047577
7.05049833197e-05 -2.498635213e-05
7.05049833197e-05 -2.498635213e-05
4.67967950752e-19 -1.77571167881e-18
4.67967950752e-19 -1.77571167881e-18
1.81931472567e-18 -1.66809654699e-18
1.81931472567e-18 -1.66809654699e-18
1.99300219804e-18 -2.18814937411e-18
1.99300219804e-18 -2.18814937411e-18
2.94110611957e-19 -1.2556405926e-18
2.94110611957e-19 -1.2556405926e-18
3.58785927059e-18 -3.00161428383e-18
3.58785927059e-18 -3.00161428383e-18
-3.58785927059e-18 3.00161428383e-18
-3.58785927059e-18 3.00161428383e-18
1.0726058876e-19 1.50724437916e-19
1.0726058876e-19 1.50724437916e-19
-1.0726058876e-19 -1.50724437916e-19
-1.0726058876e-19 -1.50724437916e-19
1.15125498399e-18 3.39721084338e-18
1.15125498399e-18 3.39721084338e-18
-1.15125498399e-18 -3.39721084338e-18
-1.15125498399e-18 -3.39721084338e-18
8.02966427768e-20 -5.58385839747e-21
-5.13802138197e-19 3.64985134043e-20
7.95067390472e-20 -5.55467871094e-21
9.19033111851e-17 9.99075740254e-17
2.4633951695e-17 1.04276742308e-16
2.46521190906e-17 1.0444857765e-16
-3.07843425615e-18 -1.4734126566e-18
-3.10492962746e-18 -1.47357851813e-18
-3.10492962746e-18 -1.47357851813e-18
-2.00218373599e-15 1.32406492976e-16
-2.00218373599e-15 1.32406492976e-16
3.78423806638e-16 -2.89086868903e-17
-3.09708364992e-18 -1.48832522358e-18
8.85242641564e-18 1.19806095905e-17
-3.09380919528e-18 -1.48832116442e-18
2.13376699547e-17 -5.0466692613e-17
2.96187728856e-17 -5.01021721224e-17
2.11585410118e-17 -5.05001218346e-17
1.99981321984e-17 -5.05950909511e-17
2.16805174644e-17 -5.05860934854e-17
2.15579705422e-17 -5.05860934854e-17
2.15712781636e-17 -5.05396046048e-17
2.15712781636e-17 -5.05396046048e-17
2.15712781636e-17 -5.05396046048e-17
2.15703603809e-17 -5.05736091778e-17
2.15703603809e-17 -5.05736091778e-17
2.15703603809e-17 -5.05736091778e-17
0.0856178669364 -2.63176886162e-17
0.0856178669364 -2.63176886162e-17
0.0856178669364 -2.63176886162e-17
0.0856178669364 -2.63191621856e-17
0.0856178669364 -2.63191621856e-17
0.0856178669364 -2.63191621856e-17
-4.17359138333e-17 4.37068738426e-17
-4.17359138333e-17 4.37068738426e-17
-4.17359138333e-17 4.37068738426e-17
-3.91111032359e-17 4.07405275697e-17
-3.91111032359e-17 4.07405275697e-17
-3.91111032359e-17 4.07405275697e-17
0.0764521666933 -2.45570296669e-17
0.0764521666933 -2.45570296669e-17
0.0764521666933 -2.45570296669e-17
7.98535863563e-20 -5.55249468365e-21
7.98535863563e-20 -5.55249468365e-21
7.98535863563e-20 -5.55249468365e-21
2.4788176892e-17 1.04350780875e-16
2.4788176892e-17 1.04350780875e-16
2.4788176892e-17 1.04350780875e-16
-3.1070472373e-18 -1.47995886653e-18
-3.1070472373e-18 -1.47995886653e-18
-3.1070472373e-18 -1.47995886653e-18
3.78012719591e-16 -2.88834134203e-17
3.78012719591e-16 -2.88834134203e-17
3.78012719591e-16 -2.88834134203e-17
2.15692977859e-17 -5.05556707321e-17
2.15692977859e-17 -5.05556707321e-17
2.15692977859e-17 -5.05556707321e-17
0.0856273469894 -2.72404737035e-17
0.0856273469894 -2.72404737035e-17
0.0856273469894 -2.72404737035e-17
-4.17414045317e-17 4.37037391661e-17
-4.17414045317e-17 4.37037391661e-17
-4.17414045317e-17 4.37037391661e-17
-2.42358111914e-21 -3.49635014855e-20
-2.42358111914e-21 -3.49635014855e-20
-2.4492933661e-21 -3.51160773599e-20
-2.4492933661e-21 -3.51160773599e-20
-2.42358111914e-21 -3.49635014855e-20
-2.42358111914e-21 -3.49635014855e-20
-2.4492933661e-21 -3.51160773599e-20
-2.4492933661e-21 -3.51160773599e-20
-3.4899932426e-18 1.60869984306e-19
-3.4899932426e-18 1.60869984306e-19
3.4899932426e-18 -1.60869984306e-19
3.4899932426e-18 -1.60869984306e-19
-4.72114090968e-18 2.28789233669e-19
-4.72114090968e-18 2.28789233669e-19
4.72114090968e-18 -2.28789233669e-19
4.72114090968e-18 -2.28789233669e-19
-2.42893616764e-19 8.26789323598e-20
-2.42893616764e-19 8.26789323598e-20
2.42893616764e-19 -8.26789323598e-20
2.42893616764e-19 -8.26789323598e-20
-3.99746192052e-17 -5.09990637136e-16
-3.99746192052e-17 -5.09990637136e-16
-3.57445906216e-17 -4.81092499529e-16
-3.57445906216e-17 -4.81092499529e-16
3.18531067729e-19 3.73580426374e-19
3.18531067729e-19 3.73580426374e-19
-3.18531067729e-19 -3.73580426374e-19
-3.18531067729e-19 -3.73580426374e-19
-3.70276277605e-18 -2.06806111011e-18
-3.70276277605e-18 -2.06806111011e-18
1.04564502591e-18 9.35240323857e-19
1.04564502591e-18 9.35240323857e-19
-5.48381105897e-19 -9.7154541888e-19
-5.48381105897e-19 -9.7154541888e-19
-2.11164729302e-18 -1.62701738147e-19
-2.11164729302e-18 -1.62701738147e-19
-2.11219295803e-18 3.64591514765e-19
-2.11219295803e-18 3.64591514765e-19
1.41463555821e-18 -6.62261488817e-19
1.41463555821e-18 -6.62261488817e-19
1.67944825703e-18 -3.55439812629e-19
1.67944825703e-18 -3.55439812629e-19
-2.37724028841e-18 5.7776171279e-20
-2.37724028841e-18 5.7776171279e-20
-0.000122024935349 -0.00153268281794
-0.000122024935349 -0.00153268281794
0.000122024935349 8.60041399974e-06
0.000122024935349 8.60041399974e-06
-0.000122024935349 -0.00153268281794
-0.000122024935349 -0.00153268281794
0.000122024935349 8.60041399974e-06
0.000122024935349 8.60041399974e-06
0.00494836648922 0.0223966622328
0.00494836648922 0.0223966622328
-0.00494836648922 -0.0223966622328
-0.00494836648922 -0.0223966622328
-1.29154418276e-19 2.54876402028e-19
-1.29154418276e-19 2.54876402028e-19
1.29154418276e-19 -2.54876402028e-19
1.29154418276e-19 -2.54876402028e-19
8.52251971915e-18 5.53642191404e-18
8.52251971915e-18 5.53642191404e-18
-8.52251971915e-18 -5.53642191404e-18
-8.52251971915e-18 -5.53642191404e-18
2.51361756381e-20 3.85792081472e-22
-1.56709207771e-19 -3.24604917307e-21
2.40638465321e-20 3.95802120137e-22
3.99045691781e-17 8.75924182294e-17
2.14875318059e-17 8.76223820199e-17
2.16891256474e-17 8.75922064712e-17
1.04896560188e-17 4.30292737205e-19
1.04625509645e-17 4.23516473627e-19
1.04625509645e-17 4.23516473627e-19
7.5039374904e-17 4.88396233288e-18
7.5039374904e-17 4.88396233288e-18
-1.29698260775e-15 -1.26917050775e-17
-5.90077032375e-17 -1.11232366633e-17
1.03812358015e-17 4.37069000783e-19
1.03812358015e-17 4.40457132572e-19
-3.72553097614e-17 9.34261473819e-17
-4.77180106943e-17 9.29764166036e-17
-3.78793243147e-17 9.3423458288e-17
-4.09317188536e-17 9.35485930119e-17
-3.73748905617e-17 9.34959636517e-17
-3.76955174127e-17 9.34959636517e-17
-3.74499828074e-17 9.34408981661e-17
-3.74499828074e-17 9.34408981661e-17
-3.74499828074e-17 9.34408981661e-17
-3.74137176261e-17 9.34633350799e-17
-3.74137176261e-17 9.34633350799e-17
-3.74137176261e-17 9.34633350799e-17
2.24209325474e-17 -5.03285584935e-17
2.24209325474e-17 -5.03285584935e-17
2.24209325474e-17 -5.03285584935e-17
2.23789673445e-17 -5.03977752917e-17
2.23789673445e-17 -5.03977752917e-17
2.23789673445e-17 -5.03977752917e-17
0.115007391431 3.29945140982e-17
0.115007391431 3.29945140982e-17
0.115007391431 3.29945140982e-17
0.103276318032 1.86771956e-17
0.103276318032 1.86771956e-17
0.103276318032 1.86771956e-17
7.9023935782e-18 -5.24267464842e-17
7.9023935782e-18 -5.24267464842e-17
7.9023935782e-18 -5.24267464842e-17
2.49999445891e-20 3.83094426722e-22
2.49999445891e-20 3.83094426722e-22
2.49999445891e-20 3.83094426722e-22
2.08243050082e-17 8.73751542784e-17
2.08243050082e-17 8.73751542784e-17
2.08243050082e-17 8.73751542784e-17
1.04083408559e-17 4.30292737205e-19
1.04083408559e-17 4.30292737205e-19
1.04083408559e-17 4.30292737205e-19
7.49272090166e-17 4.88226025778e-18
7.49272090166e-17 4.88226025778e-18
7.49272090166e-17 4.88226025778e-18
-3.74319360307e-17 9.34522298196e-17
-3.74319360307e-17 9.34522298196e-17
-3.74319360307e-17 9.34522298196e-17
2.23955859983e-17 -5.03637320298e-17
2.23955859983e-17 -5.03637320298e-17
2.23955859983e-17 -5.03637320298e-17
0.11504962387 2.60460844562e-17
0.11504962387 2.60460844562e-17
0.11504962387 2.60460844562e-17
1.6974077242e-22 -1.09467547498e-20
1.6974077242e-22 -1.09467547498e-20
1.6646342647e-22 -1.09932181829e-20
1.6646342647e-22 -1.09932181829e-20
1.6974077242e-22 -1.09467547498e-20
1.6974077242e-22 -1.09467547498e-20
1.6646342647e-22 -1.09932181829e-20
1.6646342647e-22 -1.09932181829e-20
-5.2910129253e-20 -1.87291705983e-20
-5.2910129253e-20 -1.87291705983e-20
5.2910129253e-20 1.87291705983e-20
5.2910129253e-20 1.87291705983e-20
-7.37495549031e-20 -1.86630273375e-20
-7.37495549031e-20 -1.86630273375e-20
7.37495549031e-20 1.86630273375e-20
7.37495549031e-20 1.86630273375e-20
1.85050620116e-20 5.68199748223e-19
1.85050620116e-20 5.68199748223e-19
-1.85050620116e-20 -5.68199748223e-19
-1.85050620116e-20 -5.68199748223e-19
6.12454407345e-18 -1.02211125146e-16
6.12454407345e-18 -1.02211125146e-16
6.67116076484e-18 -9.4275093107e-17
6.67116076484e-18 -9.4275093107e-17
-5.11093887775e-20 -4.42772517162e-19
-5.11093887775e-20 -4.42772517162e-19
5.11093887775e-20 4.42772517162e-19
5.11093887775e-20 4.42772517162e-19
3.34921736616e-18 -5.84755373775e-19
3.34921736616e-18 -5.84755373775e-19
1.56532703402e-18 2.55508260915e-18
1.56532703402e-18 2.55508260915e-18
1.46818095663e-18 2.66204060165e-18
1.46818095663e-18 2.66204060165e-18
3.44855653167e-18 -6.9462106227e-19
3.44855653167e-18 -6.9462106227e-19
1.58631300402e-18 -1.9685366746e-18
1.58631300402e-18 -1.9685366746e-18
-2.96750420921e-19 2.48522191458e-18
-2.96750420921e-19 2.48522191458e-18
-2.68202224887e-19 2.50020919594e-18
-2.68202224887e-19 2.50020919594e-18
1.5579196227e-18 -1.98377418571e-18
1.5579196227e-18 -1.98377418571e-18
-2.98111293303e-18 2.31375435174e-18
-2.98111293303e-18 2.31375435174e-18
2.08495154737e-18 -2.71262136679e-18
2.08495154737e-18 -2.71262136679e-18
2.1051059099e-18 -1.98838792808e-18
2.1051059099e-18 -1.98838792808e-18
-3.00188332506e-18 1.58989440333e-18
-3.00188332506e-18 1.58989440333e-18
2.78065268998e-18 3.64905839563e-17
2.78065268998e-18 3.64905839563e-17
-2.78065268998e-18 -3.64905839563e-17
-2.78065268998e-18 -3.64905839563e-17
-9.48810979305e-05 -0.00190624751297
-9.48810979305e-05 -0.00190624751297
9.48810979305e-05 0.00190624751297
9.48810979305e-05 0.00190624751297
-0.00450801128211 -0.0298597654511
-0.00450801128211 -0.0298597654511
0.00450801128211 0.0298597654511
0.00450801128211 0.0298597654511
