0.132619740003 0.0
0.132619740003 0.0
0.132619740003 0.0
0.166686406585 0.0
0.166686406585 0.0
0.166686406585 0.0
0.111206848323 0.0
0.111206848323 0.0
0.111206848323 0.0
0.0777709387304 0.0
0.0777709387304 0.0
0.0777709387304 0.0
0.111208164909 0.0
0.111208164909 0.0
0.111208164909 0.0
0.066873039254 0.0
0.066873039254 0.0
0.066873039254 0.0
0.066873039254 0.0
0.066873039254 0.0
0.066873039254 0.0
0.0666807963936 0.0
0.0666807963936 0.0
0.0666807963936 0.0
0.0666807963936 0.0
0.0666807963936 0.0
0.0666807963936 0.0
0.0856452902886 0.0
0.0856452902886 0.0
0.0856452902886 0.0
0.0856452902886 0.0
0.0856452902886 0.0
0.0856452902886 0.0
0.115087534562 0.0
0.115087534562 0.0
0.115087534562 0.0
0.126818607961 0.0
0.126818607961 0.0
0.126818607961 0.0
0.103977613895 0.0
0.103977613895 0.0
0.103977613895 0.0
0.132619740003 0.0
0.132619740003 0.0
0.132619740003 0.0
0.166686406585 0.0
0.166686406585 0.0
0.166686406585 0.0
0.111149681357 0.0
0.111149681357 0.0
0.111149681357 0.0
0.0777709387304 0.0
0.0777709387304 0.0
0.0777709387304 0.0
0.066669144967 0.0
0.066669144967 0.0
0.066669144967 0.0
0.0856273469895 0.0
0.0856273469895 0.0
0.0856273469895 0.0
0.11504962387 0.0
0.11504962387 0.0
0.11504962387 0.0
0.150535194997 2.77999845366e-13
0.150535194997 2.77999845366e-13
0.150535194997 2.77999845366e-13
0.150535194997 2.77999845366e-13
0.150535194997 2.77999845366e-13
0.150535194997 2.77999845366e-13
0.150535194997 2.77999845366e-13
0.150535194997 2.77999845366e-13
0.0883168441628 -2.28224557308e-16
0.0883168441628 -2.28224557308e-16
0.0883168441628 -2.28224557308e-16
0.0883168441628 -2.28224557308e-16
0.161653545959 -1.57404471401e-15
0.161653545959 -1.57404471401e-15
0.161653545959 -1.57404471401e-15
0.161653545959 -1.57404471401e-15
0.249914226968 -1.47343075241e-16
0.249914226968 -1.47343075241e-16
0.249914226968 -1.47343075241e-16
0.249914226968 -1.47343075241e-16
0.383343591904 -6.66133814775e-16
0.383343591904 -6.66133814775e-16
0.383343591904 -6.66133814775e-16
0.383343591904 -6.66133814775e-16
0.24991225209 5.61616725347e-17
0.24991225209 5.61616725347e-17
0.24991225209 5.61616725347e-17
0.24991225209 5.61616725347e-17
0.24969786224 -4.33680868994e-16
0.24969786224 -4.33680868994e-16
0.249986480921 -3.57353036051e-16
0.249986480921 -3.57353036051e-16
0.24969786224 -4.33680868994e-16
0.24969786224 -4.33680868994e-16
0.249986480921 -3.57353036051e-16
0.249986480921 -3.57353036051e-16
0.249982518321 -1.74166236988e-15
0.249982518321 -1.74166236988e-15
0.250000526321 -5.61009572131e-15
0.250000526321 -5.61009572131e-15
0.249982518321 -1.74166236988e-15
0.249982518321 -1.74166236988e-15
0.250000526321 -5.61009572131e-15
0.250000526321 -5.61009572131e-15
0.24997323288 6.97879254385e-15
0.24997323288 6.97879254385e-15
0.249999196425 2.88311041707e-15
0.249999196425 2.88311041707e-15
0.24997323288 6.97879254385e-15
0.24997323288 6.97879254385e-15
0.249999196425 2.88311041707e-15
0.249999196425 2.88311041707e-15
0.229355914598 -6.93889390391e-18
0.229355914598 -6.93889390391e-18
0.229355914598 -6.93889390391e-18
0.229355914598 -6.93889390391e-18
0.249939892652 -4.29344060304e-16
0.249939892652 -4.29344060304e-16
0.249939892652 -4.29344060304e-16
0.249939892652 -4.29344060304e-16
0.232343282554 -3.46944695195e-18
0.232343282554 -3.46944695195e-18
0.232343282554 -3.46944695195e-18
0.232343282554 -3.46944695195e-18
