0.078361667614 -3.4029370097e-17
0.078361667614 -3.40303043248e-17
0.0318311958166 3.08002442844e-21
0.0318311958166 3.08002442844e-21
0.0318270758455 3.13868580056e-21
0.0783342149404 -3.40666545537e-17
0.0784089453214 -3.40559825326e-17
1.0 0.0
0.0783354427778 -3.4068935395e-17
0.0783354427778 -3.40680302043e-17
0.500346951582 0.0
0.0781921402345 -3.40053954282e-17
0.237190511242 8.5149487461e-20
0.254494291789 0.0
0.283540004257 0.0
0.254494291789 0.0
0.500140241903 0.0
0.500346951582 0.0
0.0316024610169 3.46317501974e-21
0.0316028163933 2.76548332601e-21
0.0316028421051 3.0360088977e-21
0.0316051127065 3.42726766626e-21
0.0337101498529 2.62836662643e-21
0.0336340979803 2.98107043448e-21
0.0324608357953 2.67509226045e-21
0.0324591802211 3.28265615543e-21
0.0324144532456 3.11351591609e-21
0.0324140055332 2.78445578697e-21
0.0324141588287 2.10931431427e-21
0.0324137110843 3.53443279132e-21
0.0323321411334 2.80015607011e-21
0.0323322058739 2.627633624e-21
0.0321051046576 2.65106144096e-21
0.0321089403528 2.64322410755e-21
0.0321085997729 2.48339663387e-21
0.032104765984 3.54674323196e-21
0.0318075212556 2.85301954891e-21
0.0319126411653 2.71805590862e-21
0.0319126411653 2.60977333156e-21
0.031842283899 2.38355166751e-21
0.031842283899 2.12430123708e-21
0.0323816855639 3.82790651715e-21
0.0323816855639 3.81202889983e-21
0.0323812448423 3.47243907939e-21
0.0318070967521 2.19023170395e-21
0.500231921856 0.0
1.00031587611 0.0
0.500347192469 0.0
0.283129856338 0.0
0.283185381301 0.0
0.500140241903 0.0
0.283154978639 0.0
0.0494592429619 2.83036587632e-21
0.0473779957875 3.03119154754e-21
0.500231921856 0.0
0.0636912178 3.00524047379e-21
0.0388965871012 2.47332168959e-21
0.283194497047 0.0
1.0 0.0
1.0 0.0
1.0 0.0
1.0 0.0
1.0 0.0
1.0 0.0
