0.078361667614 -3.4029370097e-17
0.078361667614 -3.40303043248e-17
0.0318311958166 3.08002442844e-21
0.0318311958166 3.08002442844e-21
0.0318270758455 3.13868580056e-21
0.0783342149404 -3.40666545537e-17
0.0784089453214 -3.40559825326e-17
1.0 0.0
0.0783354427778 -3.4068935395e-17
0.0783354427778 -3.40680302043e-17
0.500346951582 0.0
0.254494291789 0.0
0.283540004257 0.0
0.254494291789 0.0
0.500140241903 0.0
0.500346951582 0.0
0.0316024610169 3.46317501974e-21
0.0316028163933 2.76548332601e-21
0.0316028421051 3.0360088977e-21
0.0316051127065 3.42726766626e-21
0.0337101498529 2.62836662643e-21
0.0336340979803 2.98107043448e-21
0.0324608357953 2.67509226045e-21
0.0324591802211 3.28265615543e-21
0.0324144532456 3.11351591609e-21
0.0324140055332 2.78445578697e-21
0.0324141588287 2.10931431427e-21
0.0324137110843 3.53443279132e-21
0.0323321411334 2.80015607011e-21
0.0323322058739 2.627633624e-21
0.0321051046576 2.65106144096e-21
0.0321089403528 2.64322410755e-21
0.0321085997729 2.48339663387e-21
0.032104765984 3.54674323196e-21
0.0318075212556 2.85301954891e-21
0.0319126411653 2.71805590862e-21
0.0319126411653 2.60977333156e-21
0.031842283899 2.38355166751e-21
0.031842283899 2.12430123708e-21
0.0323816855639 3.82790651715e-21
0.0323816855639 3.81202889983e-21
0.500231921856 0.0
0.283129856338 0.0
0.283185381301 0.0
0.500140241903 0.0
0.283154978639 0.0
0.0494592429619 2.83036587632e-21
0.0473779957875 3.03119154754e-21
0.500231921856 0.0
0.0636912178 3.00524047379e-21
0.0388965871012 2.47332168959e-21
1.0 0.0
1.0 0.0
1.0 0.0
1.0 0.0
1.0 0.0
1.0 0.0
0.249989571707 -3.27848859172e-13
0.249989571707 -3.27834981384e-13
0.249989571707 -3.27848859172e-13
0.249989571707 -3.27834981384e-13
0.359347980238 -1.55431223448e-15
0.362407572937 -1.05471187339e-15
0.359347980238 -1.66533453694e-16
0.362407572937 2.10942374679e-15
0.499881774487 -6.08237418764e-17
0.499881774487 -6.08237418764e-17
0.499881774487 -6.08237418764e-17
0.499881774487 -6.08237418764e-17
0.499883903964 -1.80980447642e-16
0.499883903964 -1.80980447642e-16
0.545880700465 -3.16413562018e-15
0.538110741025 -6.16173778667e-15
0.500663155565 -3.39728245535e-13
0.500537736577 -5.5139226518e-13
0.500663155565 -3.39728245535e-13
0.500537736573 -1.61370916629e-13
0.5 1.29540073674e-13
0.5 1.29540073674e-13
0.353309222423 1.54233069996e-15
0.646690777577 1.09062627845e-15
0.999656998175 -1.01004274389e-15
1.0 3.27515792264e-15
0.745505708211 1.68753899743e-14
0.745505708211 1.02140518266e-14
0.250676833358 2.34241879365e-16
0.250676833358 2.34241879365e-16
0.249005035545 -3.4477629085e-17
0.249005035545 -3.4477629085e-17
0.499859758097 0.0
0.499859758097 0.0
0.999649098661 -1.14665221762e-15
0.4999997397 -6.31884518668e-13
0.499999503826 -3.34702751625e-13
0.499999932351 -1.19890534132e-13
0.499999679409 3.94494983555e-13
0.460525015437 2.60208521397e-18
0.457269333236 6.28837260042e-17
0.462059183301 3.41306843898e-16
0.458877032615 4.44522890719e-16
0.329252041696 -1.73472347598e-17
0.328036599857 6.76542155631e-17
0.329686993844 -2.01227923213e-16
0.32847457515 -2.08166817117e-16
0.390663963675 2.30718222305e-16
0.389876293533 2.77555756156e-16
0.390600830391 -3.89445420357e-16
0.38981912762 2.30718222305e-16
0.499999125096 1.91114051667e-13
0.499998506814 2.51643324234e-14
0.285766037847 -2.81892564846e-18
0.285766037847 -2.81892564846e-18
0.289063861264 -2.16840434497e-19
0.289063861264 -2.16840434497e-19
0.415014909505 6.24500451352e-17
0.415080889588 1.52655665886e-16
0.251449172188 -2.71050543121e-18
0.251449172188 -2.71050543121e-18
0.414655168113 -1.04083408559e-16
0.414719488227 -2.70616862252e-16
0.256577605846 2.11419423635e-18
0.256577605846 2.11419423635e-18
0.104147524979 8.13151629364e-19
0.104147524979 8.13151629364e-19
0.499985761097 -1.18654001555e-13
0.499985957346 -5.83453641304e-14
0.49998576106 5.3176430273e-14
0.499985957343 -3.8310392185e-14
0.40343025553 -2.70616862252e-16
0.403546384889 -1.38777878078e-17
0.403418637441 -2.77555756156e-16
0.403534223448 -4.64905891562e-16
0.790600422602 -4.71844785466e-16
0.252314649825 9.57006609693e-21
0.252314649825 9.57006609693e-21
0.790623011156 -5.20417042793e-17
0.253788668883 5.98630609305e-21
0.253788668883 5.98630609305e-21
0.0309450273166 -3.46944695195e-18
0.0309450273166 -3.46944695195e-18
0.499991307628 -2.27851591761e-14
0.499991533389 -1.1059691574e-13
0.207308035954 2.40692882292e-17
0.207308035954 2.40692882292e-17
0.499991395197 -9.84547729801e-14
0.499991622216 -7.90475540927e-14
0.17433273858 7.1557343384e-18
0.17433273858 7.1557343384e-18
0.24522095048 -1.38777878078e-17
0.245689654138 -4.16333634234e-17
0.245092730998 -1.5959455979e-16
0.245555470237 7.1123662515e-17
0.382786625765 -3.72965547335e-16
0.382613021181 -9.57567358739e-16
0.382786625765 -2.06432093641e-16
0.382613021181 -7.91033905045e-16
0.27679762558 2.96204033523e-16
0.275972361225 8.23993651089e-17
0.27679762558 2.96204033523e-16
0.275972361225 8.23993651089e-17
0.0029067445823 6.23416249179e-19
0.0029067445823 6.23416249179e-19
0.369067840112 -4.99600361081e-16
0.369176019895 1.38777878078e-16
0.369067840112 -4.99600361081e-16
0.369176019895 1.4224732503e-16
0.000164013223158 2.79520872594e-19
0.000164013223158 2.79520872594e-19
0.953660491584 1.40165656859e-14
0.953660491584 -1.4155343564e-15
0.00172557222188 1.24683249836e-18
0.00172557222188 1.24683249836e-18
0.943338495121 -2.63677968348e-16
0.943338495121 -2.63677968348e-16
0.221251022583 -3.90312782095e-18
0.367696572858 9.00321484032e-16
0.367696572858 9.00321484032e-16
0.132071505286 -2.49366499672e-17
0.132071505286 -2.49366499672e-17
0.499954116697 -3.46727854761e-16
0.499954116697 -3.46727854761e-16
0.999575255858 2.53963516883e-15
0.868142552407 -5.55111512313e-17
